Time(ms)	Frame	Class	Confidence	FieldArea	RoadArea
411	1	0	0.03	1060	33077
443	2	0	0.03	1003	32838
464	3	0	0.03	980	31773
483	4	0	0.03	894	33052
505	5	0	0.03	1033	33428
522	6	0	0.02	787	34394
542	7	0	0.02	628	34709
561	8	0	0.02	640	34191
595	9	0	0.02	784	32723
613	10	0	0.02	626	32665
632	11	0	0.02	610	32435
654	12	0	0.02	544	32067
675	13	0	0.02	754	30103
700	14	0	0.02	604	30920
720	15	0	0.02	621	30140
737	16	0	0.02	557	30127
753	17	0	0.02	605	28656
768	18	0	0.02	597	27992
786	19	0	0.02	658	27421
801	20	0	0.03	671	24428
818	21	0	0.04	827	18711
836	22	0	0.04	745	18998
853	23	0	0.04	697	18077
874	24	0	0.04	734	17955
890	25	0	0.04	779	17317
908	26	0	0.04	715	17473
925	27	0	0.03	626	17842
941	28	0	0.03	571	18227
957	29	0	0.03	615	18647
973	30	0	0.03	611	18889
990	31	0	0.04	679	18709
1006	32	0	0.03	653	18386
1024	33	0	0.04	735	17790
1041	34	0	0.04	682	18313
1059	35	0	0.04	663	18146
1076	36	0	0.03	663	18621
1093	37	0	0.03	624	18214
1109	38	0	0.04	763	17533
1125	39	0	0.04	814	17897
1144	40	0	0.05	904	17705
1161	41	0	0.05	957	18146
1181	42	0	0.05	922	17870
1198	43	0	0.05	947	17636
1216	44	0	0.04	812	18331
1234	45	0	0.04	793	17438
1250	46	0	0.04	750	17124
1266	47	0	0.04	783	16834
1281	48	0	0.05	806	16478
1297	49	0	0.05	900	16599
1312	50	0	0.04	800	17393
1327	51	0	0.04	741	18342
1342	52	0	0.04	702	17818
1358	53	0	0.04	700	17582
1375	54	0	0.04	713	16318
1391	55	0	0.04	662	14893
1407	56	0	0.04	636	15061
1425	57	0	0.04	573	14251
1442	58	0	0.04	589	14331
1459	59	0	0.03	477	13324
1475	60	0	0.03	353	12932
1492	61	0	0.03	364	12816
1510	62	0	0.03	390	13032
1528	63	0	0.03	364	13434
1544	64	0	0.03	401	13361
1559	65	0	0.03	397	13200
1574	66	0	0.03	391	13106
1590	67	0	0.02	293	13962
1606	68	0	0.01	164	13546
1621	69	0	0.00	60	14052
1637	70	0	0.01	72	14249
1653	71	0	0.00	48	13633
1669	72	0	0.01	76	12960
1684	73	0	0.00	36	12809
1701	74	0	0.00	36	11567
1718	75	0	0.00	0	11541
1736	76	0	0.00	0	11431
1752	77	0	0.00	0	11648
1768	78	0	0.00	0	11610
1785	79	0	0.00	0	11831
1804	80	0	0.00	0	12037
1820	81	0	0.00	0	11941
1836	82	0	0.00	0	11148
1851	83	0	0.00	0	11042
1868	84	0	0.00	0	10948
1884	85	0	0.00	0	10311
1899	86	0	0.00	0	9959
1913	87	0	0.00	0	9333
1928	88	0	0.00	0	9478
1944	89	0	0.00	0	9857
1960	90	0	0.00	0	10218
1976	91	0	0.00	0	10604
1991	92	0	0.00	0	10441
2006	93	0	0.00	0	10691
2021	94	0	0.00	0	10482
2037	95	0	0.00	0	10237
2056	96	0	0.00	0	9733
2077	97	0	0.00	0	8916
2096	98	0	0.00	0	8968
2116	99	0	0.00	0	8768
2133	100	0	0.00	0	9625
2148	101	0	0.00	0	10332
2164	102	0	0.00	0	10323
2179	103	0	0.00	0	9569
2194	104	0	0.00	0	9441
2209	105	0	0.00	0	9419
2225	106	0	0.00	0	9559
2240	107	0	0.00	0	9599
2255	108	0	0.00	0	9751
2270	109	0	0.00	0	9276
2286	110	0	0.00	0	9693
2307	111	0	0.00	0	9761
2325	112	0	0.00	0	9677
2345	113	0	0.00	0	9785
2363	114	0	0.00	0	10397
2380	115	0	0.00	0	9395
2397	116	0	0.00	0	9192
2415	117	0	0.00	0	8520
2432	118	0	0.00	0	8497
2448	119	0	0.00	0	7695
2464	120	0	0.00	0	7286
2481	121	0	0.00	0	7165
2497	122	0	0.00	0	7573
2513	123	0	0.00	0	7409
2528	124	0	0.00	0	7456
2544	125	0	0.00	0	6898
2561	126	0	0.00	0	7015
2580	127	0	0.00	0	7228
2598	128	0	0.00	0	6906
2614	129	0	0.00	0	6217
2631	130	0	0.00	0	6574
2647	131	0	0.00	0	6011
2663	132	0	0.00	0	5514
2680	133	0	0.00	0	5596
2695	134	0	0.00	0	5255
2711	135	0	0.00	0	4521
2731	136	0	0.00	0	4069
2753	137	0	0.00	0	4323
2770	138	0	0.00	0	4083
2786	139	0	0.00	0	4338
2804	140	0	0.00	0	4195
2822	141	0	0.00	0	4402
2841	142	0	0.00	0	4032
2859	143	0	0.00	0	4068
2879	144	0	0.00	0	4044
2896	145	0	0.00	0	3646
2917	146	0	0.00	0	3494
2932	147	0	0.00	0	3185
2948	148	0	0.00	0	3089
2964	149	0	0.00	0	3280
2984	150	0	0.00	0	3247
3005	151	0	0.00	0	2895
3020	152	0	0.00	0	2775
3038	153	0	0.00	0	2227
3053	154	0	0.00	0	2238
3072	155	0	0.00	0	2139
3090	156	0	0.00	0	2459
3117	157	0	0.00	0	2489
3135	158	0	0.00	0	2491
3153	159	0	0.00	0	1875
3175	160	0	0.00	0	1784
3191	161	0	0.00	0	1492
3208	162	0	0.00	0	1656
3226	163	0	0.00	0	1672
3243	164	0	0.00	0	1434
3259	165	0	0.00	0	1606
3277	166	0	0.00	0	1473
3293	167	0	0.00	0	1217
3312	168	0	0.00	0	1283
3331	169	0	0.00	0	1208
3347	170	0	0.00	0	1018
3363	171	0	0.00	0	967
3382	172	0	0.00	0	991
3409	173	0	0.00	0	1004
3432	174	0	0.00	0	994
3457	175	0	0.00	0	1057
3482	176	0	0.00	0	939
3503	177	0	0.00	0	1240
3523	178	0	0.00	0	1080
3543	179	0	0.00	0	928
3562	180	0	0.00	0	1177
3584	181	0	0.00	0	1218
3604	182	0	0.00	0	1206
3621	183	0	0.00	0	972
3640	184	0	0.00	0	1049
3658	185	0	0.00	0	1087
3676	186	0	0.00	0	1080
3694	187	0	0.00	0	1025
3712	188	0	0.00	0	958
3732	189	0	0.00	0	955
3751	190	0	0.00	0	967
3769	191	0	0.00	0	1015
3791	192	0	0.00	0	776
3816	193	0	0.00	0	859
3835	194	0	0.00	0	854
3854	195	0	0.00	0	788
3872	196	0	0.00	0	555
3892	197	0	0.00	0	481
3913	198	0	0.00	0	560
3931	199	0	0.00	0	477
3950	200	0	0.00	0	669
3968	201	0	0.00	0	867
3985	202	0	0.00	0	783
4006	203	0	0.00	0	880
4027	204	0	0.00	0	868
4044	205	0	0.00	0	705
4065	206	0	0.00	0	708
4086	207	0	0.00	0	534
4103	208	0	0.00	0	545
4124	209	0	0.00	0	597
4146	210	0	0.00	0	669
4166	211	0	0.00	0	523
4184	212	0	0.00	0	666
4201	213	0	0.00	0	835
4219	214	0	0.00	0	611
4235	215	0	0.00	0	950
4253	216	0	0.00	0	859
4271	217	0	0.00	0	1111
4290	218	0	0.00	0	1110
4311	219	0	0.00	0	1277
4330	220	0	0.00	0	1344
4349	221	0	0.00	0	1095
4365	222	0	0.00	0	1099
4382	223	0	0.00	0	1319
4399	224	0	0.00	0	1255
4418	225	0	0.00	0	1229
4436	226	0	0.00	0	1203
4455	227	0	0.00	0	1309
4476	228	0	0.00	0	999
4495	229	0	0.00	0	959
4515	230	0	0.00	0	837
4532	231	0	0.00	0	815
4551	232	0	0.00	0	611
4575	233	0	0.00	0	747
4595	234	0	0.00	0	670
4614	235	0	0.00	0	747
4634	236	0	0.00	0	698
4654	237	0	0.00	0	636
4672	238	0	0.00	0	472
4689	239	0	0.00	0	446
4707	240	0	0.00	0	580
4728	241	0	0.00	0	505
4747	242	0	0.00	0	520
4766	243	0	0.00	0	483
4783	244	0	0.00	0	337
4804	245	0	0.00	0	331
4824	246	0	0.00	0	570
4847	247	0	0.00	0	600
4867	248	0	0.00	0	584
4889	249	0	0.00	0	563
4909	250	0	0.00	0	369
4927	251	0	0.00	0	269
4945	252	0	0.00	0	350
4963	253	0	0.00	0	464
4981	254	0	0.00	0	509
5001	255	0	0.00	0	462
5020	256	0	0.00	0	556
5037	257	0	0.00	0	473
5056	258	0	0.00	0	508
5074	259	0	0.00	0	434
5095	260	0	0.00	0	475
5112	261	0	0.00	0	521
5129	262	0	0.00	0	335
5153	263	0	0.00	0	276
5172	264	0	0.00	0	339
5196	265	0	0.00	0	324
5216	266	0	0.00	0	259
5234	267	0	0.00	0	205
5255	268	0	0.00	0	230
5272	269	0	0.00	0	269
5297	270	0	0.00	0	291
5315	271	0	0.00	0	414
5332	272	0	0.00	0	454
5352	273	0	0.00	0	509
5369	274	0	0.00	0	562
5386	275	0	0.00	0	417
5406	276	0	0.00	0	554
5424	277	0	0.00	0	635
5440	278	0	0.00	0	760
5457	279	0	0.00	0	639
5474	280	0	0.00	0	756
5491	281	0	0.00	0	1017
5512	282	0	0.00	0	989
5530	283	0	0.00	0	909
5552	284	0	0.00	0	953
5569	285	0	0.00	0	930
5587	286	0	0.00	0	1000
5605	287	0	0.00	0	968
5624	288	0	0.00	0	871
5645	289	0	0.00	0	769
5664	290	0	0.00	0	743
5686	291	0	0.00	0	809
5707	292	0	0.00	0	775
5726	293	0	0.00	0	441
5744	294	0	0.00	0	606
5765	295	0	0.00	0	646
5787	296	0	0.00	0	481
5809	297	0	0.00	0	599
5828	298	0	0.00	0	508
5843	299	0	0.00	0	516
5874	300	0	0.00	0	410
5907	301	0	0.00	0	647
5941	302	0	0.00	0	596
5965	303	0	0.00	0	637
5991	304	0	0.00	0	473
6014	305	0	0.00	0	423
6043	306	0	0.00	0	530
6071	307	0	0.00	0	481
6098	308	0	0.00	0	622
6129	309	0	0.00	0	572
6155	310	0	0.00	0	623
6179	311	0	0.00	0	657
6208	312	0	0.00	0	712
6239	313	0	0.00	0	575
6259	314	0	0.00	0	500
6293	315	0	0.00	0	685
6318	316	0	0.00	0	774
6338	317	0	0.00	0	685
6357	318	0	0.00	0	898
6377	319	0	0.00	0	812
6400	320	0	0.00	0	844
6419	321	0	0.00	0	1022
6437	322	0	0.00	0	1014
6456	323	0	0.00	0	996
6473	324	0	0.00	0	798
6496	325	0	0.00	0	868
6520	326	0	0.00	0	817
6541	327	0	0.00	0	809
6563	328	0	0.00	0	889
6583	329	0	0.00	0	940
6601	330	0	0.00	0	898
6626	331	0	0.00	0	836
6646	332	0	0.00	0	877
6669	333	0	0.00	0	989
6691	334	0	0.00	0	993
6715	335	0	0.00	0	1037
6737	336	0	0.00	0	1016
6758	337	0	0.00	0	886
6778	338	0	0.00	0	817
6801	339	0	0.00	0	864
6821	340	0	0.00	0	601
6845	341	0	0.00	0	603
6871	342	0	0.00	0	589
6892	343	0	0.00	0	532
6919	344	0	0.00	0	446
6946	345	0	0.00	0	505
6971	346	0	0.00	0	452
6995	347	0	0.00	0	299
7015	348	0	0.00	0	296
7039	349	0	0.00	0	340
7061	350	0	0.00	0	275
7080	351	0	0.00	0	401
7099	352	0	0.00	0	412
7119	353	0	0.00	0	425
7141	354	0	0.00	0	468
7164	355	0	0.00	0	478
7183	356	0	0.00	0	484
7202	357	0	0.00	0	507
7219	358	0	0.00	0	372
7240	359	0	0.00	0	251
7267	360	0	0.00	0	397
7289	361	0	0.00	0	400
7310	362	0	0.00	0	307
7336	363	0	0.00	0	380
7358	364	0	0.00	0	402
7378	365	0	0.00	0	481
7399	366	0	0.00	0	509
7421	367	0	0.00	0	412
7444	368	0	0.00	0	557
7463	369	0	0.00	0	500
7481	370	0	0.00	0	477
7501	371	0	0.00	0	459
7521	372	0	0.00	0	499
7541	373	0	0.00	0	638
7560	374	0	0.00	0	462
7579	375	0	0.00	0	433
7604	376	0	0.00	0	496
7623	377	0	0.00	0	421
7643	378	0	0.00	0	614
7662	379	0	0.00	0	649
7681	380	0	0.00	0	587
7701	381	0	0.00	0	577
7721	382	0	0.00	0	597
7743	383	0	0.00	0	552
7763	384	0	0.00	0	427
7785	385	0	0.00	0	462
7808	386	0	0.00	0	392
7828	387	0	0.00	0	422
7847	388	0	0.00	0	415
7869	389	0	0.00	0	313
7891	390	0	0.00	0	364
7917	391	0	0.00	0	429
7938	392	0	0.00	0	567
7959	393	0	0.00	0	526
7980	394	0	0.00	0	442
8002	395	0	0.00	0	458
8023	396	0	0.00	0	569
8044	397	0	0.00	0	568
8062	398	0	0.00	0	453
8082	399	0	0.00	0	518
8101	400	0	0.00	0	569
8123	401	0	0.00	0	575
8147	402	0	0.00	0	398
8167	403	0	0.00	0	514
8188	404	0	0.00	0	382
8209	405	0	0.00	0	374
8230	406	0	0.00	0	353
8252	407	0	0.00	0	403
8275	408	0	0.00	0	364
8296	409	0	0.00	0	281
8318	410	0	0.00	0	229
8339	411	0	0.00	0	429
8364	412	0	0.00	0	476
8384	413	0	0.00	0	505
8404	414	0	0.00	0	376
8423	415	0	0.00	0	401
8441	416	0	0.00	0	364
8459	417	0	0.00	0	565
8478	418	0	0.00	0	546
8496	419	0	0.00	0	543
8515	420	0	0.00	0	592
8533	421	0	0.00	0	593
8556	422	0	0.00	0	395
8574	423	0	0.00	0	487
8594	424	0	0.00	0	448
8618	425	0	0.00	0	454
8637	426	0	0.00	0	467
8659	427	0	0.00	0	330
8680	428	0	0.00	0	498
8697	429	0	0.00	0	644
8718	430	0	0.00	0	606
8736	431	0	0.00	0	654
8754	432	0	0.00	0	776
8772	433	0	0.00	0	657
8793	434	0	0.00	0	669
8815	435	0	0.00	0	505
8833	436	0	0.00	0	472
8857	437	0	0.00	0	649
8876	438	0	0.00	0	615
8895	439	0	0.00	0	720
8912	440	0	0.00	0	732
8930	441	0	0.00	0	851
8951	442	0	0.00	0	854
8970	443	0	0.00	0	770
8992	444	0	0.00	0	735
9013	445	0	0.00	0	551
9030	446	0	0.00	0	601
9050	447	0	0.00	0	512
9070	448	0	0.00	0	570
9091	449	0	0.00	0	613
9109	450	0	0.00	0	542
9129	451	0	0.00	0	591
9148	452	0	0.00	0	679
9167	453	0	0.00	0	648
9186	454	0	0.00	0	600
9206	455	0	0.00	0	619
9225	456	0	0.00	0	755
9242	457	0	0.00	0	710
9263	458	0	0.00	0	607
9285	459	0	0.00	0	560
9305	460	0	0.00	0	808
9326	461	0	0.00	0	714
9351	462	0	0.00	0	624
9370	463	0	0.00	0	662
9390	464	0	0.00	0	661
9409	465	0	0.00	0	401
9427	466	0	0.00	0	455
9446	467	0	0.00	0	253
9467	468	0	0.00	0	296
9489	469	0	0.00	0	264
9513	470	0	0.00	0	257
9531	471	0	0.00	0	176
9549	472	0	0.00	0	178
9568	473	0	0.00	0	282
9588	474	0	0.00	0	267
9606	475	0	0.00	0	262
9623	476	0	0.00	0	537
9642	477	0	0.00	0	538
9661	478	0	0.00	0	599
9687	479	0	0.00	0	598
9708	480	0	0.00	0	642
9728	481	0	0.00	0	675
9755	482	0	0.00	0	654
9774	483	0	0.00	0	639
9795	484	0	0.00	0	524
9814	485	0	0.00	0	746
9833	486	0	0.00	0	719
9857	487	0	0.00	0	673
9877	488	0	0.00	0	852
9899	489	0	0.00	0	769
9922	490	0	0.00	0	707
9941	491	0	0.00	0	772
9962	492	0	0.00	0	938
9983	493	0	0.00	0	668
10005	494	0	0.00	0	695
10029	495	0	0.00	0	643
10047	496	0	0.00	0	724
10066	497	0	0.00	0	884
10084	498	0	0.00	0	1009
10102	499	0	0.00	0	959
10120	500	0	0.00	0	988
10138	501	0	0.00	0	991
10157	502	0	0.00	0	910
10174	503	0	0.00	0	517
10195	504	0	0.00	0	615
10215	505	0	0.00	0	575
10235	506	0	0.00	0	564
10255	507	0	0.00	0	510
10277	508	0	0.00	0	498
10298	509	0	0.00	0	477
10316	510	0	0.00	0	474
10334	511	0	0.00	0	522
10351	512	0	0.00	0	431
10372	513	0	0.00	0	505
10397	514	0	0.00	0	452
10418	515	0	0.00	0	444
10437	516	0	0.00	0	366
10456	517	0	0.00	0	448
10474	518	0	0.00	0	438
10495	519	0	0.00	0	525
10512	520	0	0.00	0	485
10530	521	0	0.00	0	633
10549	522	0	0.00	0	721
10568	523	0	0.00	0	778
10585	524	0	0.00	0	880
10603	525	0	0.00	0	759
10621	526	0	0.00	0	808
10638	527	0	0.00	0	836
10656	528	0	0.00	0	749
10674	529	0	0.00	0	665
10697	530	0	0.00	0	862
10718	531	0	0.00	0	883
10742	532	0	0.00	0	853
10766	533	0	0.00	0	883
10786	534	0	0.00	0	731
10807	535	0	0.00	0	789
10829	536	0	0.00	0	901
10848	537	0	0.00	0	797
10870	538	0	0.00	0	727
10888	539	0	0.00	0	726
10906	540	0	0.00	0	827
10923	541	0	0.00	0	802
10941	542	0	0.00	0	752
10964	543	0	0.00	0	778
10982	544	0	0.00	0	922
11005	545	0	0.00	0	766
11024	546	0	0.00	0	897
11044	547	0	0.00	0	961
11066	548	0	0.00	0	1064
11089	549	0	0.00	0	1166
11110	550	0	0.00	0	1125
11132	551	0	0.00	0	1051
11150	552	0	0.00	0	884
11170	553	0	0.00	0	1036
11189	554	0	0.00	0	1073
11209	555	0	0.00	0	1013
11228	556	0	0.00	0	1061
11246	557	0	0.00	0	1131
11266	558	0	0.00	0	1181
11285	559	0	0.00	0	1262
11306	560	0	0.00	0	1437
11323	561	0	0.00	0	1548
11344	562	0	0.00	0	1542
11360	563	0	0.00	0	1632
11379	564	0	0.00	0	1913
11399	565	0	0.00	0	2044
11420	566	0	0.00	0	2312
11445	567	0	0.00	0	3083
11462	568	0	0.00	0	2903
11483	569	0	0.00	0	2952
11506	570	0	0.00	0	2768
11523	571	0	0.00	0	2860
11545	572	0	0.00	0	2930
11563	573	0	0.00	0	3062
11582	574	0	0.00	0	2896
11600	575	0	0.00	0	3276
11619	576	0	0.00	0	3063
11641	577	0	0.00	0	3170
11660	578	0	0.00	0	3462
11678	579	0	0.00	0	3560
11696	580	0	0.00	0	3606
11715	581	0	0.00	0	3800
11733	582	0	0.00	0	4265
11757	583	0	0.00	0	4030
11779	584	0	0.00	0	3997
11800	585	0	0.00	0	4361
11823	586	0	0.00	0	4729
11844	587	0	0.00	0	4941
11863	588	0	0.00	0	4859
11881	589	0	0.00	0	5144
11899	590	0	0.00	0	5163
11917	591	0	0.00	0	5133
11934	592	0	0.00	0	5224
11956	593	0	0.00	0	5114
11974	594	0	0.00	0	5686
11991	595	0	0.00	0	6013
12011	596	0	0.00	0	5674
12029	597	0	0.00	0	5993
12049	598	0	0.00	0	5432
12066	599	0	0.00	0	5766
12084	600	0	0.00	0	5763
12106	601	0	0.00	0	6237
12129	602	0	0.00	0	6108
12148	603	0	0.00	0	6955
12166	604	0	0.00	0	6699
12185	605	0	0.00	0	7016
12202	606	0	0.00	0	6759
12220	607	0	0.00	0	6275
12239	608	0	0.00	0	6340
12257	609	0	0.00	0	6050
12274	610	0	0.00	0	6082
12292	611	0	0.00	0	5686
12313	612	0	0.00	0	6298
12332	613	0	0.00	0	6097
12351	614	0	0.00	0	5829
12370	615	0	0.00	0	5993
12389	616	0	0.00	0	6097
12412	617	0	0.00	0	6493
12431	618	0	0.00	0	6453
12455	619	0	0.00	0	7503
12473	620	0	0.00	0	6722
12492	621	0	0.00	0	6671
12512	622	0	0.00	0	7148
12535	623	0	0.00	0	7018
12556	624	0	0.00	0	7374
12575	625	0	0.00	0	7962
12594	626	0	0.00	0	7698
12614	627	0	0.00	0	8032
12633	628	0	0.00	0	8039
12655	629	0	0.00	0	8090
12673	630	0	0.00	0	8141
12693	631	0	0.00	0	8183
12711	632	0	0.00	0	7748
12730	633	0	0.00	0	8055
12747	634	0	0.00	0	7302
12765	635	0	0.00	0	7124
12784	636	0	0.00	0	7311
12802	637	0	0.00	0	7503
12821	638	0	0.00	0	7717
12839	639	0	0.00	0	8068
12860	640	0	0.00	0	8349
12880	641	0	0.00	0	8849
12899	642	0	0.00	0	8940
12916	643	0	0.00	0	9328
12938	644	0	0.00	0	9419
12955	645	0	0.00	0	10262
12973	646	0	0.00	0	9855
12993	647	0	0.00	0	9727
13011	648	0	0.00	0	9814
13032	649	0	0.00	0	9795
13050	650	0	0.00	0	9114
13068	651	0	0.00	0	9769
13087	652	0	0.00	0	9747
13106	653	0	0.00	0	9615
13126	654	0	0.00	0	10253
13146	655	0	0.00	0	10358
13168	656	0	0.00	0	9906
13186	657	0	0.00	0	9787
13208	658	0	0.00	0	10137
13228	659	0	0.00	0	10341
13246	660	0	0.00	0	10613
13267	661	0	0.00	0	10079
13286	662	0	0.00	0	10218
13307	663	0	0.00	0	10110
13325	664	0	0.00	0	10674
13344	665	0	0.00	0	10604
13366	666	0	0.00	0	11015
13383	667	0	0.00	0	11056
13403	668	0	0.00	0	11302
13421	669	0	0.00	0	10837
13441	670	0	0.00	0	10250
13460	671	0	0.00	0	10245
13483	672	0	0.00	0	10179
13504	673	0	0.00	0	9982
13524	674	0	0.00	0	9969
13542	675	0	0.00	0	10144
13560	676	0	0.00	0	9916
13580	677	0	0.00	0	10810
13600	678	0	0.00	0	10450
13618	679	0	0.00	0	10174
13637	680	0	0.00	0	11084
13656	681	0	0.00	0	10735
13675	682	0	0.00	0	10396
13696	683	0	0.00	0	10939
13716	684	0	0.00	0	10976
13736	685	0	0.00	0	10641
13756	686	0	0.00	0	10505
13778	687	0	0.00	0	10777
13798	688	0	0.00	0	11091
13817	689	0	0.00	0	11356
13840	690	0	0.00	0	11421
13857	691	0	0.00	0	11642
13875	692	0	0.00	0	11807
13893	693	0	0.00	0	12292
13913	694	0	0.00	0	12125
13931	695	0	0.00	0	12023
13949	696	0	0.00	0	11720
13972	697	0	0.00	0	11376
13992	698	0	0.00	0	11336
14012	699	0	0.00	0	11479
14031	700	0	0.00	0	11676
14049	701	0	0.00	0	11100
14070	702	0	0.00	0	11226
14088	703	0	0.00	0	11517
14111	704	0	0.00	0	11829
14128	705	0	0.00	0	12179
14149	706	0	0.00	0	12718
14170	707	0	0.00	0	12590
14191	708	0	0.00	0	12214
14210	709	0	0.00	0	12068
14229	710	0	0.00	0	12240
14250	711	0	0.00	0	12142
14270	712	0	0.00	0	12640
14290	713	0	0.00	0	12576
14308	714	0	0.00	0	13084
14329	715	0	0.00	0	12385
14349	716	0	0.00	0	12581
14367	717	0	0.00	0	13077
14386	718	0	0.00	0	12874
14406	719	0	0.00	0	13246
14425	720	0	0.00	0	13123
14444	721	0	0.00	0	12576
14462	722	0	0.00	0	13149
14479	723	0	0.00	0	12955
14501	724	0	0.00	0	12084
14523	725	0	0.00	0	12356
14543	726	0	0.00	0	12556
14561	727	0	0.00	0	13575
14578	728	0	0.00	0	12773
14596	729	0	0.00	0	13237
14615	730	0	0.00	0	13529
14633	731	0	0.00	0	14146
14653	732	0	0.00	0	13939
14670	733	0	0.00	0	14290
14690	734	0	0.00	0	14673
14713	735	0	0.00	0	14572
14734	736	0	0.00	0	14940
14756	737	0	0.00	0	15336
14775	738	0	0.00	0	15966
14801	739	0	0.00	0	16155
14820	740	0	0.00	0	16844
14840	741	0	0.00	0	16349
14862	742	0	0.00	0	16058
14881	743	0	0.00	0	15919
14904	744	0	0.00	0	15926
14923	745	0	0.00	0	16732
14943	746	0	0.00	0	16006
14963	747	0	0.00	0	16415
14982	748	0	0.00	0	16871
15005	749	0	0.00	0	17490
15024	750	0	0.00	0	18136
15044	751	0	0.00	0	18992
15062	752	0	0.00	0	18496
15079	753	0	0.00	0	20085
15097	754	0	0.00	0	21678
15116	755	0	0.00	0	22194
15135	756	0	0.00	0	22421
15153	757	0	0.00	0	22386
15173	758	0	0.00	0	23295
15193	759	0	0.00	0	24288
15214	760	0	0.00	0	24091
15237	761	0	0.00	0	24472
15262	762	0	0.00	0	23909
15281	763	0	0.00	0	24015
15301	764	0	0.00	0	24631
15320	765	0	0.00	0	24173
15339	766	0	0.00	0	24162
15359	767	0	0.00	0	23640
15381	768	0	0.00	0	24122
15406	769	0	0.00	0	23928
15423	770	0	0.00	0	24134
15442	771	0	0.00	0	24946
15460	772	0	0.00	0	26296
15479	773	0	0.00	0	25434
15496	774	0	0.00	0	27476
15515	775	0	0.00	0	28201
15533	776	0	0.00	0	28953
15554	777	0	0.00	0	28771
15578	778	0	0.00	0	29419
15595	779	0	0.00	0	29208
15614	780	0	0.00	0	29698
15633	781	0	0.00	0	29589
15651	782	0	0.00	0	29949
15674	783	0	0.00	0	29976
15693	784	0	0.00	0	29687
15715	785	0	0.00	0	29788
15735	786	0	0.00	0	30479
15753	787	0	0.00	0	29549
15774	788	0	0.00	0	29189
15792	789	0	0.00	0	28771
15814	790	0	0.00	0	29620
15834	791	0	0.00	0	30360
15852	792	0	0.00	0	30905
15876	793	0	0.00	0	31353
15894	794	0	0.00	0	32081
15917	795	0	0.00	0	33827
15942	796	0	0.00	0	34484
15962	797	0	0.00	0	35570
15983	798	0	0.00	0	34685
16000	799	0	0.00	0	34592
16020	800	0	0.00	0	34230
16044	801	0	0.00	0	33677
16063	802	0	0.00	0	33048
16086	803	0	0.00	0	32367
16103	804	0	0.00	0	33544
16122	805	0	0.00	0	34593
16142	806	0	0.00	0	35637
16159	807	0	0.00	0	35130
16178	808	0	0.00	0	35543
16196	809	0	0.00	0	36154
16216	810	0	0.00	0	36136
16235	811	0	0.00	0	37025
16254	812	0	0.00	0	36020
16275	813	0	0.00	0	37326
16294	814	0	0.00	0	38417
16317	815	0	0.00	0	39711
16335	816	0	0.00	0	39723
16353	817	0	0.00	0	40830
16371	818	0	0.00	0	41642
16389	819	0	0.00	0	42261
16411	820	0	0.00	0	40992
16429	821	0	0.00	0	40663
16447	822	0	0.00	0	40941
16467	823	0	0.00	0	40469
16486	824	0	0.00	0	39848
16510	825	0	0.00	0	39295
16532	826	0	0.00	0	41105
16552	827	0	0.00	0	40664
16577	828	0	0.00	0	40484
16598	829	0	0.00	0	41099
16617	830	0	0.00	0	39018
16636	831	0	0.00	0	37566
16655	832	0	0.00	0	37428
16673	833	0	0.00	0	37319
16690	834	0	0.00	0	37558
16713	835	0	0.00	0	36808
16732	836	0	0.00	0	37545
16751	837	0	0.00	0	37548
16768	838	0	0.00	0	37894
16787	839	0	0.00	0	38589
16808	840	0	0.00	0	39615
16827	841	0	0.00	0	38512
16848	842	0	0.00	0	39011
16866	843	0	0.00	0	38890
16884	844	0	0.00	0	40997
16902	845	0	0.00	0	39408
16923	846	0	0.00	0	40993
16947	847	0	0.00	0	40969
16966	848	0	0.00	0	41994
16985	849	0	0.00	0	42102
17003	850	0	0.00	0	41798
17022	851	0	0.00	0	41741
17040	852	0	0.00	0	41923
17060	853	0	0.00	0	41261
17081	854	0	0.00	0	40221
17099	855	0	0.00	0	39877
17122	856	0	0.00	0	40979
17143	857	0	0.00	0	41108
17162	858	0	0.00	0	42511
17180	859	0	0.00	0	44411
17200	860	0	0.00	0	46848
17218	861	0	0.00	0	44271
17236	862	0	0.00	0	45765
17262	863	0	0.00	0	45978
17281	864	0	0.00	0	46819
17300	865	0	0.00	0	47581
17320	866	0	0.00	0	45912
17338	867	0	0.00	0	45941
17358	868	0	0.00	0	46878
17376	869	0	0.00	0	46715
17394	870	0	0.00	0	47924
17414	871	0	0.00	0	47091
17432	872	0	0.00	0	45793
17451	873	0	0.00	0	47432
17468	874	0	0.00	0	43015
17486	875	0	0.00	0	44231
17503	876	0	0.00	0	43545
17521	877	0	0.00	0	41229
17540	878	0	0.00	0	39045
17559	879	0	0.00	0	41557
17576	880	0	0.00	0	41076
17594	881	0	0.00	0	41866
17615	882	0	0.00	0	41374
17636	883	0	0.00	0	39865
17663	884	0	0.00	0	37116
17685	885	0	0.00	0	35961
17703	886	0	0.00	0	34118
17722	887	0	0.00	0	34887
17738	888	0	0.00	0	34407
17758	889	0	0.00	0	35678
17777	890	0	0.00	0	34489
17797	891	0	0.00	0	33499
17817	892	0	0.00	0	32196
17836	893	0	0.00	0	32328
17853	894	0	0.00	0	31941
17869	895	0	0.00	0	31199
17886	896	0	0.00	0	30284
17904	897	0	0.00	0	30042
17926	898	0	0.00	0	30532
17947	899	0	0.00	0	29518
17967	900	0	0.00	0	29403
17986	901	0	0.00	0	29104
18002	902	0	0.00	0	29417
18020	903	0	0.00	0	28637
18038	904	0	0.00	0	29015
18056	905	0	0.00	0	29091
18072	906	0	0.00	0	29258
18091	907	0	0.00	0	29671
18109	908	0	0.00	0	28214
18128	909	0	0.00	0	28258
18144	910	0	0.00	0	27477
18162	911	0	0.00	0	26751
18179	912	0	0.00	0	25857
18198	913	0	0.00	0	26120
18217	914	0	0.00	0	26257
18236	915	0	0.00	0	26251
18252	916	0	0.00	0	24803
18269	917	0	0.00	0	25216
18288	918	0	0.00	0	24677
18307	919	0	0.00	0	24657
18325	920	0	0.00	0	24226
18349	921	0	0.00	0	24604
18372	922	0	0.00	0	24739
18396	923	0	0.00	0	25905
18416	924	0	0.00	0	27187
18434	925	0	0.00	0	29653
18452	926	0	0.00	0	32205
18474	927	0	0.00	0	33563
18491	928	0	0.00	0	35128
18510	929	0	0.00	0	36863
18533	930	0	0.00	0	38830
18552	931	0	0.00	0	40016
18571	932	0	0.00	0	37360
18588	933	0	0.00	0	37181
18607	934	0	0.00	0	34319
18625	935	0	0.00	0	33385
18646	936	0	0.00	0	32068
18664	937	0	0.00	0	31516
18682	938	0	0.00	0	31198
18702	939	0	0.00	0	30411
18718	940	0	0.00	0	30205
18737	941	0	0.00	0	29794
18754	942	0	0.00	0	30152
18776	943	0	0.00	0	30662
18793	944	0	0.00	0	29373
18811	945	0	0.00	0	30125
18829	946	0	0.00	0	30251
18848	947	0	0.00	0	31136
18867	948	0	0.00	0	33737
18885	949	0	0.00	0	35094
18907	950	0	0.00	0	34637
18923	951	0	0.00	0	36381
18942	952	0	0.00	0	35347
18960	953	0	0.00	0	36284
18979	954	0	0.00	0	36695
18999	955	0	0.00	0	38025
19021	956	0	0.00	0	37372
19044	957	0	0.00	0	38228
19063	958	0	0.00	0	35991
19081	959	0	0.00	0	33852
19100	960	0	0.00	0	33818
19121	961	0	0.00	0	33361
19138	962	0	0.00	0	33339
19161	963	0	0.00	0	32965
19185	964	0	0.00	0	30869
19204	965	0	0.00	0	31127
19223	966	0	0.00	0	31027
19242	967	0	0.00	0	31120
19260	968	0	0.00	0	30203
19277	969	0	0.00	0	30565
19295	970	0	0.00	0	30115
19316	971	0	0.00	0	31093
19336	972	0	0.00	0	31003
19357	973	0	0.00	0	32895
19377	974	0	0.00	0	31927
19397	975	0	0.00	0	31126
19419	976	0	0.00	0	31640
19438	977	0	0.00	0	33793
19456	978	0	0.00	0	35508
19476	979	0	0.00	0	37078
19494	980	0	0.00	0	34844
19511	981	0	0.00	0	36365
19529	982	0	0.00	0	36106
19546	983	0	0.00	0	38239
19564	984	0	0.00	0	39260
19581	985	0	0.00	0	40971
19600	986	0	0.00	0	40915
19617	987	0	0.00	0	40614
19637	988	0	0.00	0	39685
19655	989	0	0.00	0	41882
19675	990	0	0.00	0	40439
19697	991	0	0.00	0	38891
19717	992	0	0.00	0	38436
19740	993	0	0.00	0	36321
19760	994	0	0.00	0	35511
19779	995	0	0.00	0	37879
19801	996	0	0.00	0	36723
19823	997	0	0.00	0	38522
19842	998	0	0.00	0	38200
19861	999	0	0.00	0	38574
19879	1000	0	0.00	0	38780
19899	1001	0	0.00	0	38866
19921	1002	0	0.00	0	38840
19940	1003	0	0.00	0	39183
19962	1004	0	0.00	0	41419
19983	1005	0	0.00	0	43179
20001	1006	0	0.00	0	46415
20025	1007	0	0.00	0	48374
20046	1008	0	0.00	0	49626
20065	1009	0	0.00	0	49797
20083	1010	0	0.00	0	51305
20102	1011	0	0.00	0	51391
20126	1012	0	0.00	0	51451
20146	1013	0	0.00	0	50892
20165	1014	0	0.00	0	50576
20182	1015	0	0.00	0	51851
20202	1016	0	0.00	0	51872
20219	1017	0	0.00	0	52482
20240	1018	0	0.00	0	54896
20260	1019	0	0.00	0	55870
20277	1020	0	0.00	0	57262
20295	1021	0	0.00	0	59790
20313	1022	0	0.00	0	55649
20332	1023	0	0.00	0	55921
20352	1024	0	0.00	0	55600
20374	1025	0	0.00	0	55209
20395	1026	0	0.00	0	51574
20415	1027	0	0.00	0	51241
20437	1028	0	0.00	0	49670
20455	1029	0	0.00	0	47288
20476	1030	0	0.00	0	46338
20496	1031	0	0.00	0	45093
20520	1032	0	0.00	0	44151
20539	1033	0	0.00	0	43682
20559	1034	0	0.00	0	43717
20578	1035	0	0.00	0	43960
20598	1036	0	0.00	0	42689
20617	1037	0	0.00	0	43211
20637	1038	0	0.00	0	42099
20656	1039	0	0.00	0	42113
20675	1040	0	0.00	0	41767
20700	1041	0	0.00	0	42777
20722	1042	0	0.00	0	44804
20744	1043	0	0.00	0	46028
20762	1044	0	0.00	0	46302
20779	1045	0	0.00	0	47437
20797	1046	0	0.00	0	48464
20815	1047	0	0.00	0	49238
20833	1048	0	0.00	0	51121
20851	1049	0	0.00	0	50504
20870	1050	0	0.00	0	50124
20887	1051	0	0.00	0	50108
20904	1052	0	0.00	0	50019
20921	1053	0	0.00	0	50759
20940	1054	0	0.00	0	51904
20959	1055	0	0.00	0	53071
20979	1056	0	0.00	0	53267
20998	1057	0	0.00	0	53822
21015	1058	0	0.00	0	52778
21033	1059	0	0.00	0	53676
21055	1060	0	0.00	0	54036
21079	1061	0	0.00	0	55685
21098	1062	0	0.00	0	53978
21116	1063	0	0.00	0	52873
21134	1064	0	0.00	0	53500
21152	1065	0	0.00	0	53704
21171	1066	0	0.00	0	52983
21190	1067	0	0.00	0	53579
21211	1068	0	0.00	0	53117
21231	1069	0	0.00	0	53360
21249	1070	0	0.00	0	52437
21274	1071	0	0.00	0	53962
21292	1072	0	0.00	0	52870
21311	1073	0	0.00	0	53100
21334	1074	0	0.00	0	52681
21351	1075	0	0.00	0	39013
21368	1076	0	0.00	0	40299
21384	1077	0	0.00	0	43242
21413	1078	0	0.00	0	44977
21431	1079	0	0.00	0	47061
21448	1080	0	0.00	0	49368
21466	1081	0	0.00	0	51014
21483	1082	0	0.00	0	49756
21506	1083	0	0.00	0	51135
21527	1084	0	0.00	0	51154
21546	1085	0	0.00	0	51822
21563	1086	0	0.00	0	52149
21581	1087	0	0.00	0	52648
21599	1088	0	0.00	0	50648
21621	1089	0	0.00	0	50304
21641	1090	0	0.00	0	49798
21659	1091	0	0.00	0	51441
21678	1092	0	0.00	0	53016
21696	1093	0	0.00	0	55564
21716	1094	0	0.00	0	55729
21741	1095	0	0.00	0	55112
21760	1096	0	0.00	0	57173
21778	1097	0	0.00	0	59122
21797	1098	0	0.00	0	56710
21818	1099	0	0.00	0	58879
21843	1100	0	0.00	0	55924
21863	1101	0	0.00	0	56302
21882	1102	0	0.00	0	53781
21903	1103	0	0.00	0	51548
21921	1104	0	0.00	0	48831
21941	1105	0	0.00	0	47568
21958	1106	0	0.00	0	44546
21978	1107	0	0.00	0	44583
21996	1108	0	0.00	0	43695
22014	1109	0	0.00	0	45280
22038	1110	0	0.00	0	45742
22056	1111	0	0.00	0	47471
22079	1112	0	0.00	0	46322
22098	1113	0	0.00	0	47068
22116	1114	0	0.00	0	45741
22133	1115	0	0.00	0	46625
22151	1116	0	0.00	0	46493
22173	1117	0	0.00	0	46079
22192	1118	0	0.00	0	43860
22210	1119	0	0.00	0	44110
22228	1120	0	0.00	0	43116
22248	1121	0	0.00	0	42364
22267	1122	0	0.00	0	41592
22289	1123	0	0.00	0	41829
22311	1124	0	0.00	0	40701
22333	1125	0	0.00	0	41258
22354	1126	0	0.00	0	40345
22371	1127	0	0.00	0	40784
22388	1128	0	0.00	0	40873
22408	1129	0	0.00	0	38642
22433	1130	0	0.00	0	38102
22454	1131	0	0.00	0	37062
22473	1132	0	0.00	0	36097
22492	1133	0	0.00	0	35719
22511	1134	0	0.00	0	35341
22528	1135	0	0.00	0	34158
22546	1136	0	0.00	0	34787
22563	1137	0	0.00	0	33062
22581	1138	0	0.00	0	32710
22598	1139	0	0.00	0	34160
22616	1140	0	0.00	0	34188
22635	1141	0	0.00	0	33665
22655	1142	0	0.00	0	34145
22674	1143	0	0.00	0	34623
22691	1144	0	0.00	0	34003
22711	1145	0	0.00	0	34255
22728	1146	0	0.00	0	34411
22749	1147	0	0.00	0	34888
22768	1148	0	0.00	0	35427
22789	1149	0	0.00	0	34987
22807	1150	0	0.00	0	35058
22829	1151	0	0.00	0	35065
22847	1152	0	0.00	0	34898
22864	1153	0	0.00	0	34397
22882	1154	0	0.00	0	34834
22899	1155	0	0.00	0	33769
22917	1156	0	0.00	0	33650
22938	1157	0	0.00	0	31971
22957	1158	0	0.00	0	32010
22974	1159	0	0.00	0	34159
22996	1160	0	0.00	0	35226
23016	1161	0	0.00	0	34764
23034	1162	0	0.00	0	35502
23052	1163	0	0.00	0	35515
23069	1164	0	0.00	0	36150
23087	1165	0	0.00	0	36260
23107	1166	0	0.00	0	35613
23129	1167	0	0.00	0	36101
23152	1168	0	0.00	0	35940
23170	1169	0	0.00	0	35389
23190	1170	0	0.00	0	35335
23208	1171	0	0.00	0	36800
23225	1172	0	0.00	0	38074
23243	1173	0	0.00	0	37463
23265	1174	0	0.00	0	38109
23283	1175	0	0.00	0	37230
23300	1176	0	0.00	0	36746
23319	1177	0	0.00	0	36569
23338	1178	0	0.00	0	34393
23361	1179	0	0.00	0	33124
23379	1180	0	0.00	0	31367
23399	1181	0	0.00	0	31315
23416	1182	0	0.00	0	30412
23436	1183	0	0.00	0	30984
23458	1184	0	0.00	0	31997
23480	1185	0	0.00	0	31618
23499	1186	0	0.00	0	31559
23519	1187	0	0.00	0	32547
23540	1188	0	0.00	0	32463
23559	1189	0	0.00	0	32996
23578	1190	0	0.00	0	33591
23595	1191	0	0.00	0	35055
23616	1192	0	0.00	0	35803
23633	1193	0	0.00	0	37686
23658	1194	0	0.00	0	35664
23676	1195	0	0.00	0	36139
23699	1196	0	0.00	0	35954
23717	1197	0	0.00	0	37502
23737	1198	0	0.00	0	37803
23757	1199	0	0.00	0	37980
23776	1200	0	0.00	0	38830
23798	1201	0	0.00	0	39064
23819	1202	0	0.00	0	38704
23843	1203	0	0.00	0	39989
23862	1204	0	0.00	0	39582
23890	1205	0	0.00	0	39644
23913	1206	0	0.00	0	40418
23935	1207	0	0.00	0	40528
23953	1208	0	0.00	0	41035
23971	1209	0	0.00	0	40723
23989	1210	0	0.00	0	39536
24010	1211	0	0.00	0	40025
24028	1212	0	0.00	0	39528
24052	1213	0	0.00	0	39524
24070	1214	0	0.00	0	37832
24087	1215	0	0.00	0	39044
24108	1216	0	0.00	0	38317
24128	1217	0	0.00	0	39245
24147	1218	0	0.00	0	39516
24168	1219	0	0.00	0	39929
24193	1220	0	0.00	0	38203
24211	1221	0	0.00	0	39652
24231	1222	0	0.00	0	37641
24251	1223	0	0.00	0	39910
24271	1224	0	0.00	0	38770
24293	1225	0	0.00	0	39535
24310	1226	0	0.00	0	38114
24329	1227	0	0.00	0	37382
24348	1228	0	0.00	0	36727
24367	1229	0	0.00	0	38276
24385	1230	0	0.00	0	38910
24404	1231	0	0.00	0	39476
24424	1232	0	0.00	0	39869
24446	1233	0	0.00	0	40274
24474	1234	0	0.00	0	40062
24501	1235	0	0.00	0	41982
24524	1236	0	0.00	0	41329
24545	1237	0	0.00	0	42839
24562	1238	0	0.00	0	41654
24581	1239	0	0.00	0	43245
24601	1240	0	0.00	0	41935
24619	1241	0	0.00	0	42014
24638	1242	0	0.00	0	42619
24658	1243	0	0.00	0	43481
24678	1244	0	0.00	0	42318
24695	1245	0	0.00	0	43399
24713	1246	0	0.00	0	42695
24734	1247	0	0.00	0	43017
24751	1248	0	0.00	0	43251
24769	1249	0	0.00	0	43785
24786	1250	0	0.00	0	42979
24804	1251	0	0.00	0	42747
24822	1252	0	0.00	0	42785
24850	1253	0	0.00	0	44152
24870	1254	0	0.00	0	41766
24887	1255	0	0.00	0	42587
24904	1256	0	0.00	0	43213
24928	1257	0	0.00	0	41786
24948	1258	0	0.00	0	41950
24969	1259	0	0.00	0	42219
24987	1260	0	0.00	0	41658
25011	1261	0	0.00	0	42109
25031	1262	0	0.00	0	42444
25052	1263	0	0.00	0	42964
25076	1264	0	0.00	0	41202
25093	1265	0	0.00	0	41256
25114	1266	0	0.00	0	40616
25133	1267	0	0.00	0	41146
25153	1268	0	0.00	0	40709
25178	1269	0	0.00	0	40285
25197	1270	0	0.00	0	42676
25218	1271	0	0.00	0	41696
25241	1272	0	0.00	0	42224
25261	1273	0	0.00	0	42658
25282	1274	0	0.00	0	42415
25300	1275	0	0.00	0	42689
25321	1276	0	0.00	0	43546
25341	1277	0	0.00	0	41127
25364	1278	0	0.00	0	42221
25384	1279	0	0.00	0	41454
25403	1280	0	0.00	0	42158
25421	1281	0	0.00	0	42862
25442	1282	0	0.00	0	42409
25463	1283	0	0.00	0	42621
25488	1284	0	0.00	0	43283
25511	1285	0	0.00	0	43095
25533	1286	0	0.00	0	44295
25551	1287	0	0.00	0	44149
25575	1288	0	0.00	0	43163
25594	1289	0	0.00	0	43472
25612	1290	0	0.00	0	44192
25631	1291	0	0.00	0	44330
25650	1292	0	0.00	0	44369
25669	1293	0	0.00	0	45023
25688	1294	0	0.00	0	44302
25706	1295	0	0.00	0	44866
25725	1296	0	0.00	0	43905
25744	1297	0	0.00	0	44457
25763	1298	0	0.00	0	44217
25782	1299	0	0.00	0	45183
25799	1300	0	0.00	0	45310
25821	1301	0	0.00	0	45773
25840	1302	0	0.00	0	44754
25862	1303	0	0.00	0	45999
25885	1304	0	0.00	0	45669
25906	1305	0	0.00	0	45367
25925	1306	0	0.00	0	45829
25943	1307	0	0.00	0	46629
25962	1308	0	0.00	0	46250
25982	1309	0	0.00	0	46793
26001	1310	0	0.00	0	45651
26024	1311	0	0.00	0	46295
26042	1312	0	0.00	0	46096
26061	1313	0	0.00	0	47036
26079	1314	0	0.00	0	46238
26100	1315	0	0.00	0	47906
26117	1316	0	0.00	0	49468
26137	1317	0	0.00	0	49581
26161	1318	0	0.00	0	49377
26182	1319	0	0.00	0	49427
26203	1320	0	0.00	0	50045
26227	1321	0	0.00	0	49557
26245	1322	0	0.00	0	50450
26266	1323	0	0.00	0	49481
26287	1324	0	0.00	0	49275
26307	1325	0	0.00	0	50558
26327	1326	0	0.00	0	50906
26345	1327	0	0.00	0	50260
26368	1328	0	0.00	0	50490
26387	1329	0	0.00	0	47385
26406	1330	0	0.00	0	49170
26428	1331	0	0.00	0	46796
26447	1332	0	0.00	0	46170
26466	1333	0	0.00	0	46513
26487	1334	0	0.00	0	45900
26506	1335	0	0.00	0	43751
26524	1336	0	0.00	0	43082
26543	1337	0	0.00	0	41429
26562	1338	0	0.00	0	40656
26580	1339	0	0.00	0	40157
26599	1340	0	0.00	0	40598
26621	1341	0	0.00	0	40110
26641	1342	0	0.00	0	39893
26662	1343	0	0.00	0	38338
26680	1344	0	0.00	0	38177
26701	1345	0	0.00	0	38059
26719	1346	0	0.00	0	38390
26736	1347	0	0.00	0	37976
26756	1348	0	0.00	0	37350
26776	1349	0	0.00	0	36834
26796	1350	0	0.00	0	37535
26817	1351	0	0.00	0	38309
26841	1352	0	0.00	0	39028
26867	1353	0	0.00	0	40279
26891	1354	0	0.00	0	38894
26912	1355	0	0.00	0	37224
26931	1356	0	0.00	0	36641
26949	1357	0	0.00	0	37932
26968	1358	0	0.00	0	37406
26986	1359	0	0.00	0	39072
27007	1360	0	0.00	0	39660
27025	1361	0	0.00	0	39363
27043	1362	0	0.00	0	39623
27064	1363	0	0.00	0	39468
27083	1364	0	0.00	0	36346
27101	1365	0	0.00	0	36885
27119	1366	0	0.00	0	36469
27142	1367	0	0.00	0	35977
27165	1368	0	0.00	0	37261
27185	1369	0	0.00	0	36810
27205	1370	0	0.00	0	36399
27224	1371	0	0.00	0	37437
27245	1372	0	0.00	0	37302
27266	1373	0	0.00	0	35382
27285	1374	0	0.00	0	35985
27306	1375	0	0.00	0	35830
27325	1376	0	0.00	0	37131
27343	1377	0	0.00	0	35166
27361	1378	0	0.00	0	35935
27378	1379	0	0.00	0	38604
27398	1380	0	0.00	0	40367
27415	1381	0	0.00	0	40708
27435	1382	0	0.00	0	41740
27454	1383	0	0.00	0	42553
27473	1384	0	0.00	0	44297
27494	1385	0	0.00	0	44871
27513	1386	0	0.00	0	46159
27531	1387	0	0.00	0	47021
27560	1388	0	0.00	0	45989
27583	1389	0	0.00	0	45259
27602	1390	0	0.00	0	46460
27620	1391	0	0.00	0	45338
27641	1392	0	0.00	0	47293
27660	1393	0	0.00	0	48144
27682	1394	0	0.00	0	47275
27702	1395	0	0.00	0	47269
27721	1396	0	0.00	0	45960
27742	1397	0	0.00	0	43391
27760	1398	0	0.00	0	42326
27778	1399	0	0.00	0	41687
27794	1400	0	0.00	0	44648
27813	1401	0	0.00	0	46697
27832	1402	0	0.00	0	48843
27854	1403	0	0.00	0	48649
27874	1404	0	0.00	0	50302
27895	1405	0	0.00	0	49983
27920	1406	0	0.00	0	51593
27940	1407	0	0.00	0	51862
27960	1408	0	0.00	0	51637
27976	1409	0	0.00	0	52354
27995	1410	0	0.00	0	51426
28019	1411	0	0.00	0	50780
28037	1412	0	0.00	0	50925
28057	1413	0	0.00	0	48947
28077	1414	0	0.00	0	49678
28097	1415	0	0.00	0	50277
28116	1416	0	0.00	0	49923
28134	1417	0	0.00	0	48444
28152	1418	0	0.00	0	49748
28169	1419	0	0.00	0	48381
28188	1420	0	0.00	0	49000
28206	1421	0	0.00	0	47153
28225	1422	0	0.00	0	46824
28243	1423	0	0.00	0	45856
28268	1424	0	0.00	0	46158
28290	1425	0	0.00	0	44453
28308	1426	0	0.00	0	44044
28326	1427	0	0.00	0	43800
28343	1428	0	0.00	0	44007
28362	1429	0	0.00	0	44396
28381	1430	0	0.00	0	45524
28402	1431	0	0.00	0	45479
28421	1432	0	0.00	0	47051
28443	1433	0	0.00	0	46478
28463	1434	0	0.00	0	48964
28481	1435	0	0.00	0	48426
28501	1436	0	0.00	0	49534
28524	1437	0	0.00	0	47706
28543	1438	0	0.00	0	48198
28563	1439	0	0.00	0	49235
28583	1440	0	0.00	0	49240
28604	1441	0	0.00	0	48980
28626	1442	0	0.00	0	48839
28645	1443	0	0.00	0	48695
28666	1444	0	0.00	0	47315
28688	1445	0	0.00	0	47928
28719	1446	0	0.00	0	47716
28740	1447	0	0.00	0	48961
28764	1448	0	0.00	0	48393
28781	1449	0	0.00	0	48724
28800	1450	0	0.00	0	49362
28821	1451	0	0.00	0	49475
28840	1452	0	0.00	0	48956
28861	1453	0	0.00	0	50210
28880	1454	0	0.00	0	49469
28903	1455	0	0.00	0	51643
28925	1456	0	0.00	0	51149
28948	1457	0	0.00	0	50324
28978	1458	0	0.00	0	50779
28999	1459	0	0.00	0	53251
29017	1460	0	0.00	0	52973
29040	1461	0	0.00	0	52890
29060	1462	0	0.00	0	51964
29079	1463	0	0.00	0	53205
29102	1464	0	0.00	0	52843
29119	1465	0	0.00	0	53043
29138	1466	0	0.00	0	53673
29158	1467	0	0.00	0	54327
29177	1468	0	0.00	0	55004
29194	1469	0	0.00	0	53766
29212	1470	0	0.00	0	55841
29232	1471	0	0.00	0	57265
29252	1472	0	0.00	0	56517
29274	1473	0	0.00	0	59184
29299	1474	0	0.00	0	56189
29317	1475	0	0.00	0	56132
29337	1476	0	0.00	0	56894
29357	1477	0	0.00	0	58666
29378	1478	0	0.00	0	59361
29398	1479	0	0.00	0	60653
29418	1480	0	0.00	0	60277
29437	1481	0	0.00	0	62378
29457	1482	0	0.00	0	61337
29478	1483	0	0.00	0	63138
29499	1484	0	0.00	0	61108
29523	1485	0	0.00	0	60787
29546	1486	0	0.00	0	58618
29570	1487	0	0.00	0	57194
29592	1488	0	0.00	0	55114
29617	1489	0	0.00	0	54962
29643	1490	0	0.00	0	55103
29664	1491	0	0.00	0	56143
29682	1492	0	0.00	0	53676
29703	1493	0	0.00	0	54135
29721	1494	0	0.00	0	54385
29740	1495	0	0.00	0	53931
29758	1496	0	0.00	0	55858
29776	1497	0	0.00	0	54424
29795	1498	0	0.00	0	54533
29813	1499	0	0.00	0	53428
29831	1500	0	0.00	0	54521
29848	1501	0	0.00	0	54690
