Time(ms)	Frame	Class	Confidence	FieldArea	RoadArea
508	1	0	0.81	197509	44896
570	2	0	0.82	200039	43388
622	3	0	0.83	205342	42670
676	4	0	0.83	207458	42468
710	5	0	0.83	210517	42021
746	6	0	0.84	215887	41371
783	7	0	0.85	221509	38769
820	8	0	0.85	223904	38296
858	9	0	0.86	228283	37514
898	10	0	0.86	234547	37601
936	11	0	0.87	240463	36099
978	12	0	0.89	242888	31010
1019	13	0	0.89	246332	30059
1057	14	0	0.89	251369	29709
1096	15	0	0.90	255739	29692
1133	16	0	0.90	258501	28858
1170	17	0	0.90	262042	27953
1206	18	0	0.91	265492	27264
1244	19	0	0.92	265606	24607
1283	20	0	0.92	265979	22971
1320	21	0	0.93	266677	21290
1356	22	0	0.93	266678	20757
1394	23	0	0.93	268683	18880
1430	24	0	0.94	270764	18599
1467	25	0	0.94	272288	17746
1507	26	0	0.94	270261	16803
1544	27	0	0.95	268578	15591
1588	28	0	0.95	266931	14356
1626	29	0	0.95	270645	13159
1663	30	0	0.96	270808	12531
1700	31	0	0.96	271559	11206
1738	32	0	0.96	269736	9791
1774	33	0	0.97	272048	8386
1814	34	0	0.97	274371	7492
1852	35	0	0.98	274953	5728
1890	36	0	0.99	274040	3943
1930	37	0	0.99	271948	2385
1971	38	0	0.99	266988	1675
2009	39	0	0.99	264432	1441
2046	40	0	1.00	258030	1262
2083	41	0	1.00	256269	1006
2121	42	0	1.00	249506	776
2161	43	0	1.00	241055	695
2199	44	0	1.00	236718	690
2236	45	0	1.00	230939	595
2275	46	0	1.00	225547	561
2312	47	0	1.00	221897	518
2352	48	0	1.00	217779	414
2393	49	0	1.00	214021	330
2434	50	0	1.00	206994	261
2476	51	0	1.00	201160	187
2514	52	0	1.00	197902	68
2552	53	0	1.00	193474	94
2589	54	0	1.00	187229	65
2630	55	0	1.00	179541	82
2666	56	0	1.00	172485	128
2709	57	0	1.00	168856	158
2751	58	0	1.00	164047	144
2797	59	0	1.00	158164	149
2836	60	0	1.00	149167	130
2874	61	0	1.00	140528	115
2912	62	0	1.00	134874	139
2953	63	0	1.00	130997	145
2995	64	0	1.00	125487	223
3033	65	0	1.00	118135	248
3071	66	0	1.00	113092	258
3109	67	0	1.00	105980	389
3147	68	0	1.00	101468	309
3185	69	0	1.00	99318	404
3220	70	0	0.99	92973	729
3259	71	0	0.99	89358	670
3307	72	0	0.99	87659	1144
3351	73	0	0.99	83880	1230
3387	74	0	0.99	82760	993
3425	75	0	0.98	81066	1342
3462	76	0	0.98	79438	1788
3500	77	0	0.98	76485	1775
3537	78	0	0.97	75516	2019
3576	79	0	0.97	74479	1970
3613	80	0	0.97	74336	2230
3649	81	0	0.97	73894	2663
3688	82	0	0.96	74723	2963
3727	83	0	0.96	74810	3174
3765	84	0	0.96	76827	3456
3799	85	0	0.96	75741	3353
3832	86	0	0.95	75675	3582
3868	87	0	0.95	76165	3886
3907	88	0	0.94	75916	4727
3949	89	0	0.94	74689	4795
3986	90	0	0.93	75180	5246
4024	91	0	0.93	72937	5289
4059	92	0	0.93	73488	5665
4095	93	0	0.92	75307	6145
4128	94	0	0.92	77272	6869
4169	95	0	0.91	79661	7604
4208	96	0	0.91	83876	7962
4249	97	0	0.90	85324	9907
4284	98	0	0.89	87400	10463
4322	99	0	0.89	90884	11384
4358	100	0	0.89	93708	11878
4394	101	0	0.88	96085	13027
4429	102	0	0.88	102452	14145
4465	103	0	0.88	105674	14894
4502	104	0	0.88	107603	15007
4536	105	0	0.88	107635	15281
4571	106	0	0.87	107259	15715
4607	107	0	0.87	109631	16090
4645	108	0	0.87	112217	16147
4682	109	0	0.88	116300	16175
4722	110	0	0.88	119679	15745
4765	111	0	0.89	122495	15820
4804	112	0	0.89	127008	16318
4853	113	0	0.89	130361	16873
4898	114	0	0.89	136683	17133
4948	115	0	0.89	141400	17146
5004	116	0	0.89	146690	17583
5059	117	0	0.90	150632	16942
5114	118	0	0.90	151979	17412
5163	119	0	0.90	155119	17259
5217	120	0	0.90	161045	18104
5269	121	0	0.91	168423	17672
5322	122	0	0.91	175100	18022
5381	123	0	0.91	181345	18475
5441	124	0	0.91	187147	18262
5501	125	0	0.92	195825	18095
5561	126	0	0.91	206548	19212
5626	127	0	0.92	214105	18726
5688	128	0	0.92	221679	20003
5754	129	0	0.92	229766	18994
5817	130	0	0.93	238380	18920
5892	131	0	0.93	245586	19469
5955	132	0	0.93	256307	20052
6022	133	0	0.93	263839	19811
6089	134	0	0.93	270085	20657
6157	135	0	0.93	273824	20504
6219	136	0	0.93	277859	19843
6261	137	0	0.94	283251	18721
6307	138	0	0.94	288720	18023
6357	139	0	0.95	297872	16331
6414	140	0	0.95	305974	15398
6465	141	0	0.96	312904	13873
6524	142	0	0.96	324163	12439
6576	143	0	0.97	334239	11491
6626	144	0	0.97	344265	10593
6680	145	0	0.97	356054	10112
6738	146	0	0.97	366170	9706
6793	147	0	0.98	370803	9402
6848	148	0	0.98	377801	8173
6903	149	0	0.98	383312	7407
6958	150	0	0.98	387065	7187
7011	151	0	0.98	394331	6949
7064	152	0	0.98	399043	6101
7120	153	0	0.99	405098	5443
7172	154	0	0.99	411385	5426
7225	155	0	0.99	415686	5200
7283	156	0	0.99	415001	4986
7333	157	0	0.99	421468	4339
7385	158	0	0.99	425917	3312
7443	159	0	0.99	429993	2752
7494	160	0	0.99	435619	2472
7547	161	0	0.99	437129	2716
7598	162	0	0.99	433071	2346
7651	163	0	1.00	431549	2155
7704	164	0	1.00	428923	2061
7755	165	0	1.00	426612	2098
7804	166	0	0.99	425664	2279
7854	167	0	0.99	424907	2650
7898	168	0	0.99	422761	2830
7944	169	0	0.99	419977	2610
7990	170	0	0.99	415618	2600
8036	171	0	0.99	411943	2885
8083	172	0	0.99	408140	2643
8130	173	0	0.99	406732	2335
8175	174	0	0.99	407997	2129
8223	175	0	0.99	408877	2089
8271	176	0	0.99	411914	2231
8321	177	0	0.99	411380	2421
8382	178	0	0.99	408286	2449
8437	179	0	0.99	403698	2601
8491	180	0	0.99	399186	2444
8543	181	0	0.99	394924	2184
8598	182	0	0.99	389896	2286
8652	183	0	0.99	382971	2531
8706	184	0	0.99	378783	2173
8760	185	0	0.99	374429	2025
8809	186	0	0.99	366906	1877
8856	187	0	0.99	358446	1946
8904	188	0	1.00	351676	1745
8950	189	0	1.00	345213	1353
8998	190	0	1.00	340681	1401
9044	191	0	1.00	333044	1331
9097	192	0	1.00	318301	1348
9150	193	0	1.00	307779	1336
9204	194	0	1.00	302196	1494
9255	195	0	0.99	295869	1496
9308	196	0	0.99	288778	1646
9359	197	0	0.99	280211	1776
9409	198	0	0.99	272705	2047
9465	199	0	0.99	263278	2231
9521	200	0	0.99	256243	2399
9574	201	0	0.99	249978	2539
9628	202	0	0.99	244831	3003
9683	203	0	0.98	240299	3700
9736	204	0	0.98	232005	4266
9787	205	0	0.98	229942	5300
9842	206	0	0.97	223242	7352
9893	207	0	0.96	220281	8208
9944	208	0	0.96	210720	8859
9995	209	0	0.96	207380	8682
10048	210	0	0.96	201247	9236
10097	211	0	0.95	195652	10579
10146	212	0	0.94	190352	11126
10196	213	0	0.94	186818	11373
10244	214	0	0.94	183645	12037
10296	215	0	0.93	177643	12483
10346	216	0	0.92	173044	14461
10396	217	0	0.91	169009	15832
10446	218	0	0.91	168006	16513
10495	219	0	0.91	164509	16913
10549	220	0	0.90	161187	17706
10601	221	0	0.90	160395	18814
10654	222	0	0.90	165976	19077
10706	223	0	0.89	169087	21113
10760	224	0	0.89	175259	21484
10810	225	0	0.89	179409	22723
10864	226	0	0.89	182689	23506
10916	227	0	0.89	185986	23289
10965	228	0	0.89	190901	23564
11016	229	0	0.89	189753	24423
11066	230	0	0.88	191623	24967
11115	231	0	0.88	191285	26622
11165	232	0	0.87	189391	27673
11222	233	0	0.87	191778	27473
11272	234	0	0.87	191271	28515
11326	235	0	0.86	190603	29789
11382	236	0	0.86	192047	30032
11434	237	0	0.87	193048	29688
11489	238	0	0.86	196726	31045
11549	239	0	0.86	202286	32291
11609	240	0	0.86	203576	34148
11667	241	0	0.85	206212	35029
11721	242	0	0.85	206212	35547
11774	243	0	0.86	212194	35707
11828	244	0	0.86	215986	36329
11877	245	0	0.86	221470	36527
11928	246	0	0.86	229433	37996
11979	247	0	0.86	234218	38649
12029	248	0	0.86	241448	38122
12084	249	0	0.86	250875	39271
12135	250	0	0.87	261196	39316
12186	251	0	0.87	268740	40241
12237	252	0	0.88	279602	38721
12294	253	0	0.88	283825	38870
12350	254	0	0.88	296952	39560
12403	255	0	0.88	303876	40213
12451	256	0	0.89	311594	40220
12502	257	0	0.89	320785	40185
12548	258	0	0.89	327140	40859
12599	259	0	0.89	331456	41368
12648	260	0	0.90	338360	39579
12698	261	0	0.90	337094	39507
12748	262	0	0.90	342858	38220
12799	263	0	0.90	344402	38159
12853	264	0	0.90	351425	37766
12904	265	0	0.90	352680	37751
12958	266	0	0.91	362324	35578
13009	267	0	0.91	367310	35892
13053	268	0	0.92	374419	34144
13106	269	0	0.92	376912	33482
13156	270	0	0.92	384366	33086
13206	271	0	0.92	386899	33876
13254	272	0	0.93	396192	31170
13303	273	0	0.93	397721	29742
13352	274	0	0.93	401776	29221
13402	275	0	0.93	402967	28446
13452	276	0	0.94	405530	27626
13502	277	0	0.94	407768	26154
13549	278	0	0.94	408522	25072
13600	279	0	0.94	409217	23877
13649	280	0	0.95	409972	23439
13698	281	0	0.95	409738	23706
13746	282	0	0.94	405331	24108
13795	283	0	0.94	405602	25123
13845	284	0	0.94	409997	25105
13893	285	0	0.94	409041	24799
13941	286	0	0.94	411477	24961
13990	287	0	0.94	412113	25406
14040	288	0	0.94	414028	25195
14091	289	0	0.94	410995	25594
14141	290	0	0.94	409467	25338
14190	291	0	0.94	405117	24863
14237	292	0	0.94	400597	24520
14288	293	0	0.94	395541	25559
14339	294	0	0.94	396029	24937
14388	295	0	0.94	393253	27048
14438	296	0	0.94	395995	26687
14487	297	0	0.94	396021	27115
14535	298	0	0.93	390279	28707
14584	299	0	0.93	385716	27862
14639	300	0	0.93	377432	28763
14694	301	0	0.93	372855	27601
14742	302	0	0.93	367202	28606
14794	303	0	0.93	361302	29082
14844	304	0	0.92	354263	29591
14895	305	0	0.93	349928	28165
14945	306	0	0.92	337492	28368
14993	307	0	0.93	330200	26537
15039	308	0	0.92	322035	26830
15088	309	0	0.92	317391	26218
15136	310	0	0.92	310065	26578
15184	311	0	0.92	306769	26042
15232	312	0	0.93	293374	23328
15280	313	0	0.96	252866	10956
15326	314	0	0.96	253206	10768
15371	315	0	0.96	248737	11240
15417	316	0	0.95	244458	11713
15465	317	0	0.95	239378	11695
15510	318	0	0.95	234800	11753
15553	319	0	0.95	230091	12362
15598	320	0	0.95	226756	13010
15643	321	0	0.95	221726	12778
15688	322	0	0.94	218409	12911
15738	323	0	0.94	214978	12932
15787	324	0	0.94	212180	13033
15835	325	0	0.94	206017	13435
15878	326	0	0.94	200976	13392
15923	327	0	0.94	196716	13433
15966	328	0	0.94	191391	13126
16013	329	0	0.93	186726	13172
16055	330	0	0.93	182676	12948
16099	331	0	0.93	176498	13224
16143	332	0	0.93	170240	13224
16189	333	0	0.92	164267	13351
16233	334	0	0.93	162491	12798
16280	335	0	0.93	159650	12602
16325	336	0	0.93	156646	12297
16371	337	0	0.93	151797	12060
16414	338	0	0.93	145888	11767
16463	339	0	0.93	142927	11220
16507	340	0	0.92	139370	11384
16553	341	0	0.92	137300	11382
16598	342	0	0.92	135483	11383
16641	343	0	0.93	135912	11013
16687	344	0	0.92	132248	11395
16731	345	0	0.92	129465	11322
16774	346	0	0.92	126542	11343
16819	347	0	0.92	125041	11578
16864	348	0	0.92	124017	11107
16909	349	0	0.91	121761	11561
16953	350	0	0.91	119822	11926
16994	351	0	0.91	115860	11879
17038	352	0	0.90	111240	12103
17081	353	0	0.89	105744	12409
17124	354	0	0.89	100465	12971
17164	355	0	0.88	97732	12912
17211	356	0	0.88	95558	13630
17253	357	0	0.87	94318	14107
17292	358	0	0.86	92398	14462
17333	359	0	0.86	91199	14812
17375	360	0	0.86	88745	14342
17422	361	0	0.86	86513	14671
17469	362	0	0.85	86544	15088
17508	363	0	0.84	87701	17114
17549	364	0	0.82	86479	18960
17592	365	0	0.82	82456	18145
17631	366	0	0.81	79101	18936
17673	367	0	0.80	75943	19148
17715	368	0	0.79	73508	19719
17755	369	0	0.77	71882	21141
17794	370	0	0.75	69990	23044
17841	371	0	0.74	67217	24105
17882	372	0	0.72	63859	24747
17921	373	0	0.71	62575	25715
17963	374	0	0.68	58314	27534
18004	375	0	0.67	57361	28761
18046	376	0	0.64	55014	30627
18093	377	0	0.64	54019	30834
18130	378	0	0.63	54018	32113
18169	379	0	0.61	53683	34017
18208	380	0	0.59	51754	35376
18245	381	0	0.58	50091	36440
18283	382	0	0.58	49435	35806
18321	383	0	0.56	47968	37102
18359	384	0	0.56	48052	37808
18406	385	0	0.55	47253	39413
18448	386	0	0.54	46949	39913
18486	387	0	0.54	46392	39971
18525	388	0	0.53	46189	40316
18563	389	0	0.52	46328	42297
18601	390	0	0.52	46758	42788
18640	391	0	0.50	46809	45920
18682	392	0	0.51	47739	46164
18723	393	0	0.50	48118	47580
18765	394	0	0.51	48995	47668
18805	395	0	0.51	50420	49275
18845	396	0	0.49	49852	52702
18888	397	0	0.47	51524	57139
18928	398	0	0.46	51413	61468
18968	399	0	0.45	53368	66261
19009	400	0	0.44	55814	70479
19049	401	0	0.43	56623	76365
19089	402	0	0.42	57206	80272
19127	403	0	0.40	56931	86718
19169	404	0	0.40	59016	87757
19207	405	0	0.40	59525	90990
19244	406	0	0.37	58658	98605
19283	407	0	0.35	58073	107295
19321	408	0	0.34	60522	116675
19358	409	0	0.33	61929	126903
19397	410	0	0.32	62472	135842
19439	411	0	0.31	63693	145092
19480	412	0	0.29	64430	154279
19521	413	0	0.28	65018	163312
19560	414	0	0.28	65120	167398
19597	415	0	0.27	65167	172168
19638	416	0	0.27	65034	177178
19677	417	0	0.26	65397	183111
19715	418	0	0.25	65231	191798
19757	419	0	0.25	65791	199482
19801	420	1	0.76	65407	208528
19846	421	1	0.77	64693	218313
19892	422	1	0.78	64425	228840
19936	423	1	0.79	64137	234893
19981	424	1	0.80	62929	246247
20033	425	1	0.81	61872	261047
20080	426	1	0.81	61371	269106
20135	427	1	0.82	60158	277510
20188	428	1	0.83	59475	285065
20239	429	1	0.83	59771	290204
20291	430	1	0.83	61087	292719
20346	431	1	0.83	62016	296855
20398	432	1	0.82	61155	283810
20448	433	1	0.82	62244	288352
20497	434	1	0.83	61094	289108
20546	435	1	0.83	60954	291965
20592	436	1	0.83	60814	295119
20639	437	1	0.83	60823	297905
20688	438	1	0.83	60178	300010
20736	439	1	0.83	59855	300377
20784	440	1	0.83	59619	298906
20839	441	1	0.83	58518	295013
20885	442	1	0.83	58220	292065
20932	443	1	0.83	57542	289194
20980	444	1	0.83	56718	284654
21027	445	1	0.83	56594	281621
21073	446	1	0.84	55835	282576
21118	447	1	0.84	54936	282678
21167	448	1	0.84	53936	281408
21218	449	1	0.84	53208	284151
21269	450	1	0.85	51983	290522
21320	451	1	0.85	50563	292389
21377	452	1	0.86	48340	293305
21424	453	1	0.86	46850	293278
21470	454	1	0.86	45660	290619
21522	455	1	0.88	41353	292403
21568	456	1	0.89	37902	292892
21614	457	1	0.89	35352	293100
21662	458	1	0.90	32786	291146
21708	459	1	0.91	30187	290159
21753	460	1	0.91	26987	289126
21799	461	1	0.92	25263	291943
21845	462	1	0.93	22992	291475
21891	463	1	0.93	21292	294039
21936	464	1	0.94	19808	292733
21981	465	1	0.94	18291	292509
22030	466	1	0.94	17311	288846
22080	467	1	0.95	14174	276923
22126	468	1	0.95	14439	275066
22173	469	1	0.95	13906	269327
22220	470	1	0.96	12447	266148
22264	471	1	0.96	11240	263744
22310	472	1	0.96	10269	261394
22355	473	1	0.96	10141	259528
22405	474	1	0.96	10358	256881
22450	475	1	0.96	9663	253251
22497	476	1	0.96	9648	248239
22549	477	1	0.96	9460	245513
22595	478	1	0.96	9033	244834
22643	479	1	0.97	8620	242327
22689	480	1	0.97	8351	241088
22733	481	1	0.97	8529	239097
22780	482	1	0.97	8056	237666
22824	483	1	0.97	7603	239636
22871	484	1	0.97	7444	241164
22916	485	1	0.97	7381	243851
22961	486	1	0.97	7200	244735
23009	487	1	0.98	6313	247588
23055	488	1	0.98	5937	247376
23102	489	1	0.98	5254	247772
23146	490	1	0.98	4742	250108
23192	491	1	0.98	4269	250301
23237	492	1	0.99	3452	247101
23282	493	1	0.99	3051	249373
23328	494	1	0.99	2849	248769
23379	495	1	0.99	2330	247471
23424	496	1	0.99	2118	246078
23470	497	1	0.99	2081	242772
23516	498	1	0.99	1961	241300
23564	499	1	0.99	1864	235707
23609	500	1	0.99	1869	231794
23654	501	1	0.99	1931	225895
23699	502	1	0.99	1665	225819
23743	503	1	0.99	1690	224542
23788	504	1	0.99	1713	217884
23831	505	1	0.99	1667	215134
23877	506	1	0.99	1846	211533
23925	507	1	0.99	1790	211154
23973	508	1	0.99	1477	208049
24018	509	0	0.01	1785	204323
24057	510	0	0.01	1638	198131
24095	511	0	0.01	1619	193037
24133	512	0	0.01	1543	187301
24171	513	0	0.01	1538	181661
24205	514	0	0.01	1323	178657
24245	515	0	0.01	1462	179197
24286	516	0	0.01	1345	176595
24326	517	0	0.01	1138	173976
24364	518	0	0.01	1056	173400
24398	519	0	0.01	1056	169357
24436	520	0	0.01	942	165979
24473	521	0	0.01	988	164995
24509	522	0	0.01	1202	152604
24548	523	0	0.01	1024	150429
24586	524	0	0.01	1006	147234
24623	525	0	0.01	924	144076
24658	526	0	0.01	998	142958
24695	527	0	0.01	934	141784
24737	528	0	0.01	1013	142418
24783	529	0	0.01	1026	142190
24823	530	0	0.01	881	142989
24861	531	0	0.01	993	143294
24898	532	0	0.01	1085	143616
24934	533	0	0.01	1156	143638
24972	534	0	0.01	1015	142093
25007	535	0	0.01	919	139637
25043	536	0	0.01	797	137659
25080	537	0	0.01	809	135141
25116	538	0	0.01	847	132802
25152	539	0	0.01	887	129170
25187	540	0	0.01	849	125570
25222	541	0	0.01	934	121889
25263	542	0	0.01	955	118734
25306	543	0	0.01	898	115399
25341	544	0	0.01	999	111687
25382	545	0	0.01	924	107817
25422	546	0	0.01	1224	105846
25462	547	0	0.01	1241	102862
25498	548	0	0.01	1302	100758
25533	549	0	0.01	1117	100239
25570	550	0	0.01	1311	100260
25605	551	0	0.01	1043	98541
25650	552	0	0.01	1054	99560
25695	553	0	0.01	1035	97214
25733	554	0	0.01	1100	96662
25772	555	0	0.01	895	92624
25808	556	0	0.01	822	89598
25844	557	0	0.01	920	85544
25880	558	0	0.01	912	83816
25920	559	0	0.01	1036	81430
25957	560	0	0.01	996	78503
26002	561	0	0.01	918	75619
26037	562	0	0.01	854	72388
26072	563	0	0.01	761	70233
26109	564	0	0.01	856	65794
26149	565	0	0.01	859	62293
26185	566	0	0.01	784	59461
26221	567	0	0.02	872	56778
26256	568	0	0.02	856	53464
26294	569	0	0.01	783	51556
26331	570	0	0.02	804	49060
26367	571	0	0.02	952	47995
26404	572	0	0.02	1047	46327
26446	573	0	0.02	1095	43695
26487	574	0	0.03	1139	43209
26524	575	0	0.03	1204	41906
26560	576	0	0.03	1187	41454
26595	577	0	0.03	1345	39366
26630	578	0	0.03	1381	38247
26674	579	0	0.03	1346	37527
26712	580	0	0.03	1106	36481
26747	581	0	0.03	1092	35931
26786	582	0	0.03	1258	35986
26825	583	0	0.03	1281	37382
26862	584	0	0.03	1275	35806
26899	585	0	0.03	1250	35018
26941	586	0	0.03	1204	35155
26979	587	0	0.04	1312	34438
27020	588	0	0.04	1200	33061
27058	589	0	0.03	1188	32921
27095	590	0	0.04	1213	32798
27134	591	0	0.04	1269	32004
27172	592	0	0.04	1250	30243
27208	593	0	0.04	1247	29040
27245	594	0	0.05	1355	28498
27281	595	0	0.04	1246	27975
27316	596	0	0.05	1329	26875
27357	597	0	0.05	1556	27343
27399	598	0	0.06	1658	26992
27435	599	0	0.06	1589	25907
27475	600	0	0.06	1555	25413
27511	601	0	0.06	1604	25843
27544	602	0	0.06	1643	26486
27579	603	0	0.07	1865	26232
27616	604	0	0.07	1801	25778
27654	605	0	0.06	1781	26543
27690	606	0	0.06	1646	26956
27724	607	0	0.06	1610	27544
27760	608	0	0.06	1678	26719
27797	609	0	0.05	1549	26865
27832	610	0	0.05	1499	27832
27866	611	0	0.06	1570	26820
27902	612	0	0.06	1682	27487
27935	613	0	0.05	1605	28790
27969	614	0	0.05	1601	28824
28004	615	0	0.05	1478	29440
28047	616	0	0.05	1734	30361
28081	617	0	0.05	1711	30911
28115	618	0	0.05	1604	31117
28149	619	0	0.04	1261	29763
28189	620	0	0.04	1246	28553
28225	621	0	0.04	1240	29116
28261	622	0	0.04	1258	28878
28301	623	0	0.04	1205	29981
28336	624	0	0.04	1201	32102
28374	625	0	0.04	1331	32842
28409	626	0	0.04	1313	34435
28447	627	0	0.04	1511	33433
28483	628	0	0.04	1399	32568
28518	629	0	0.04	1514	32582
28553	630	0	0.05	1525	31641
28589	631	0	0.04	1464	31844
28624	632	0	0.04	1393	32588
28658	633	0	0.05	1750	32873
28693	634	0	0.05	1714	33721
28729	635	0	0.04	1612	34241
28765	636	0	0.04	1454	34255
28801	637	0	0.04	1357	33490
28838	638	0	0.03	1137	34293
28872	639	0	0.03	1068	34718
28907	640	0	0.03	1109	35206
28944	641	0	0.03	1047	35353
28981	642	0	0.03	1175	34335
29018	643	0	0.03	1274	35571
29058	644	0	0.03	1099	36090
29093	645	0	0.04	1364	35965
29128	646	0	0.04	1402	37000
29164	647	0	0.04	1630	37491
29201	648	0	0.04	1455	36446
29239	649	0	0.04	1367	35565
29284	650	0	0.04	1538	37379
29328	651	0	0.04	1504	38279
29370	652	0	0.04	1499	38091
29406	653	0	0.04	1401	37436
29443	654	0	0.04	1410	37956
29477	655	0	0.03	1314	38854
29514	656	0	0.03	1267	37854
29555	657	0	0.03	1219	39536
29592	658	0	0.03	1228	39415
29629	659	0	0.03	1214	41008
29666	660	0	0.03	1108	42141
29705	661	0	0.03	1089	42427
29750	662	0	0.03	1101	42401
29788	663	0	0.02	1077	43642
29825	664	0	0.03	1216	43726
29864	665	0	0.03	1178	43546
29900	666	0	0.03	1248	43466
29937	667	0	0.03	1231	44351
29976	668	0	0.03	1329	43704
30012	669	0	0.03	1338	43389
30046	670	0	0.03	1340	44947
30082	671	0	0.03	1213	46498
30120	672	0	0.03	1399	46457
30162	673	0	0.03	1362	48241
30198	674	0	0.03	1264	48656
30240	675	0	0.02	1214	49549
30281	676	0	0.02	1089	52108
30321	677	0	0.02	1034	51817
30359	678	0	0.02	1003	54832
30400	679	0	0.02	882	56103
30438	680	0	0.01	855	56784
30473	681	0	0.01	830	58998
30510	682	0	0.02	940	60997
30545	683	0	0.02	948	60826
30578	684	0	0.02	961	61830
30612	685	0	0.02	1162	63035
30646	686	0	0.02	1095	62714
30681	687	0	0.02	1091	62493
30721	688	0	0.02	1208	63060
30757	689	0	0.02	1193	62926
30796	690	0	0.02	1252	61927
30832	691	0	0.02	1190	61787
30865	692	0	0.02	1055	61336
30899	693	0	0.01	934	61789
30934	694	0	0.02	1167	62079
30968	695	0	0.01	941	62690
31003	696	0	0.01	877	62705
31039	697	0	0.01	868	62736
31074	698	0	0.02	969	62241
31109	699	0	0.01	945	63025
31144	700	0	0.01	850	62656
31180	701	0	0.01	904	63373
31215	702	0	0.02	1103	62660
31251	703	0	0.02	955	62549
31292	704	0	0.01	926	62994
31331	705	0	0.02	998	63892
31368	706	0	0.02	1072	63826
31403	707	0	0.02	1030	63439
31442	708	0	0.01	953	64683
31480	709	0	0.02	1055	65607
31516	710	0	0.01	955	67214
31552	711	0	0.01	973	66488
31594	712	0	0.01	1004	67412
31636	713	0	0.01	990	68022
31671	714	0	0.02	1048	68049
31713	715	0	0.02	1138	68189
31751	716	0	0.02	1241	67205
31796	717	0	0.02	1585	66730
31835	718	0	0.03	1829	66700
31873	719	0	0.03	2292	67495
31911	720	0	0.04	2481	68300
31954	721	0	0.04	2781	69720
31991	722	0	0.04	3044	70488
32028	723	0	0.04	3273	69539
32067	724	0	0.05	3300	69365
32104	725	0	0.05	3579	70306
32148	726	0	0.05	3895	70190
32188	727	0	0.06	4337	70044
32223	728	0	0.06	4680	69373
32263	729	0	0.06	4732	70951
32302	730	0	0.06	4922	70852
32338	731	0	0.07	5214	70428
32377	732	0	0.08	6653	72049
32414	733	0	0.08	6366	71328
32450	734	0	0.08	6647	73173
32487	735	0	0.09	6979	74151
32526	736	0	0.10	7931	75224
32563	737	0	0.09	7998	76472
32598	738	0	0.10	8289	75452
32633	739	0	0.10	8813	77135
32671	740	0	0.11	9384	78158
32710	741	0	0.11	9582	79416
32747	742	0	0.11	9596	79594
32783	743	0	0.11	9694	79027
32828	744	0	0.11	9789	78653
32868	745	0	0.11	9858	78911
32905	746	0	0.11	10088	78424
32948	747	0	0.12	10845	78305
32987	748	0	0.12	11027	78585
33023	749	0	0.13	11120	77483
33060	750	0	0.13	11438	77111
33097	751	0	0.13	11809	77824
33137	752	0	0.14	12340	78902
33176	753	0	0.14	12810	78143
33218	754	0	0.14	12655	75228
33257	755	0	0.15	13188	75481
33295	756	0	0.15	13391	74086
33332	757	0	0.16	13257	71377
33372	758	0	0.17	13763	69572
33408	759	0	0.17	14008	69278
33444	760	0	0.18	14881	66748
33482	761	0	0.19	14964	65675
33523	762	0	0.19	16096	67245
33562	763	0	0.19	15165	66799
33599	764	0	0.19	15725	66202
33640	765	0	0.20	15981	65721
33684	766	0	0.20	15721	64811
33720	767	0	0.20	15862	64339
33756	768	0	0.19	16052	67106
33795	769	0	0.20	16412	65655
33834	770	0	0.21	17400	64963
33874	771	0	0.19	16532	71916
33919	772	0	0.21	18001	69313
33959	773	0	0.21	17812	68788
33999	774	0	0.21	17863	67430
34038	775	0	0.21	17844	67914
34075	776	0	0.21	18090	67975
34111	777	0	0.22	18627	67652
34146	778	0	0.22	18480	66705
34182	779	0	0.22	18624	67093
34235	780	0	0.22	19026	67456
34272	781	0	0.22	19151	69148
34310	782	0	0.22	19047	68633
34349	783	0	0.23	20353	68730
34388	784	0	0.24	21224	68595
34427	785	0	0.23	21365	70785
34473	786	0	0.23	21441	70359
34512	787	0	0.23	21592	72744
34549	788	0	0.23	22102	73606
34598	789	0	0.24	22767	73313
34636	790	0	0.25	23814	72591
34673	791	0	0.25	24050	72183
34711	792	0	0.25	24859	76497
34750	793	0	0.24	24113	76138
34788	794	0	0.26	25379	73809
34831	795	0	0.25	24855	73609
34876	796	0	0.26	25344	73303
34915	797	0	0.25	25147	73734
34954	798	0	0.26	25454	72652
34992	799	0	0.26	25528	71992
35032	800	0	0.26	25553	71565
35072	801	0	0.26	25368	72000
35111	802	0	0.26	25921	72157
35149	803	0	0.27	26072	70729
35187	804	0	0.27	26028	69943
35225	805	0	0.27	26026	68908
35265	806	0	0.27	25816	69245
35304	807	0	0.27	25622	69106
35349	808	0	0.27	26326	69904
35386	809	0	0.28	27161	70443
35427	810	0	0.28	26981	69683
35467	811	0	0.28	27239	70309
35509	812	0	0.28	27515	69293
35553	813	0	0.29	27205	67511
35594	814	0	0.29	27693	67009
35632	815	0	0.29	27825	67214
35672	816	0	0.30	27740	65907
35711	817	0	0.30	28212	65308
35748	818	0	0.31	28460	63577
35788	819	0	0.31	28667	64712
35824	820	0	0.31	28505	63846
35862	821	0	0.32	28562	61668
35903	822	0	0.31	29084	65394
35943	823	0	0.31	28955	65607
35989	824	0	0.31	28520	62684
36031	825	0	0.31	27960	61479
36073	826	0	0.32	27777	60009
36115	827	0	0.32	28228	60780
36154	828	0	0.32	28306	59341
36191	829	0	0.32	28157	60217
36228	830	0	0.32	27478	58454
36266	831	0	0.32	27281	57043
36305	832	0	0.32	26843	56813
36343	833	0	0.32	26354	56175
36383	834	0	0.32	25857	55637
36421	835	0	0.32	25322	54612
36461	836	0	0.32	24574	52777
36497	837	0	0.31	23977	52717
36533	838	0	0.31	23659	52937
36572	839	0	0.31	23079	52429
36617	840	0	0.30	22038	51515
36658	841	0	0.29	21053	50696
36698	842	0	0.29	20679	49954
36734	843	0	0.29	19993	49973
36772	844	0	0.29	19749	48112
36809	845	0	0.29	19464	48388
36848	846	0	0.29	19025	47500
36887	847	0	0.27	17798	47593
36929	848	0	0.26	16911	47715
36966	849	0	0.26	16149	46332
37004	850	0	0.26	16328	46097
37041	851	0	0.26	15780	45188
37082	852	0	0.21	13312	50060
37122	853	0	0.21	12724	49024
37157	854	0	0.21	12527	47565
37194	855	0	0.20	12105	47789
37230	856	0	0.19	11263	47779
37265	857	0	0.18	10482	47381
37301	858	0	0.16	9278	49459
37339	859	0	0.14	8258	50297
37376	860	0	0.13	7990	51460
37412	861	0	0.12	6936	51305
37448	862	0	0.11	6582	51668
37484	863	0	0.11	6075	50882
37521	864	0	0.10	5435	51522
37557	865	0	0.09	5096	52425
37593	866	0	0.08	4508	51315
37632	867	0	0.08	4254	51062
37671	868	0	0.07	4012	49880
37709	869	0	0.06	3179	48647
37745	870	0	0.05	2627	47186
37781	871	0	0.05	2493	46989
37818	872	0	0.05	2433	48340
37857	873	0	0.04	2282	48607
37894	874	0	0.04	2135	48513
37931	875	0	0.03	1519	48496
37968	876	0	0.03	1320	47831
38006	877	0	0.03	1271	47397
38046	878	0	0.02	1140	47169
38087	879	0	0.02	1004	48146
38123	880	0	0.02	1001	47191
38161	881	0	0.02	868	46535
38199	882	0	0.02	792	45520
38238	883	0	0.02	903	44913
38276	884	0	0.02	773	43874
38312	885	0	0.02	793	42839
38351	886	0	0.02	869	42396
38396	887	0	0.02	854	41776
38440	888	0	0.01	616	40892
38479	889	0	0.01	511	40885
38515	890	0	0.01	598	40571
38554	891	0	0.02	852	38742
38592	892	0	0.02	804	38482
38628	893	0	0.02	690	38034
38666	894	0	0.02	832	37657
38707	895	0	0.03	1106	37129
38743	896	0	0.03	1009	37828
38783	897	0	0.03	1021	36086
38820	898	0	0.02	854	34210
38856	899	0	0.03	914	34742
38892	900	0	0.03	930	33787
38929	901	0	0.03	942	33851
38965	902	0	0.03	968	33825
39003	903	0	0.03	959	32793
39043	904	0	0.03	942	32710
39085	905	0	0.03	965	33504
39120	906	0	0.03	960	33257
39155	907	0	0.03	966	33053
39192	908	0	0.03	913	31847
39228	909	0	0.03	1120	33017
39265	910	0	0.04	1373	33381
39301	911	0	0.05	1629	32746
39338	912	0	0.05	1625	34165
39373	913	0	0.05	1786	34862
39408	914	0	0.04	1523	34985
39447	915	0	0.05	1669	34703
39483	916	0	0.04	1606	34373
39518	917	0	0.05	1619	34268
39554	918	0	0.04	1539	33659
39597	919	0	0.05	1809	33623
39638	920	0	0.06	2174	33216
39676	921	0	0.06	2103	33266
39713	922	0	0.06	2149	32217
39751	923	0	0.05	1970	40601
39788	924	0	0.06	2382	39242
39824	925	0	0.06	2625	39163
39860	926	0	0.07	2833	39051
39896	927	0	0.08	3302	38848
39935	928	0	0.09	3803	37769
39973	929	0	0.13	5513	38019
40011	930	0	0.19	8752	36724
40053	931	0	0.22	10170	36732
40093	932	0	0.25	11844	36236
40136	933	0	0.26	12638	35173
40178	934	0	0.30	14785	34452
40217	935	0	0.32	15865	33573
40255	936	0	0.33	15737	32439
40296	937	0	0.33	16002	32497
40338	938	0	0.34	16422	32530
40377	939	0	0.35	16575	31379
40419	940	0	0.37	17550	30112
40459	941	0	0.37	17417	29229
40500	942	0	0.38	17232	28293
40538	943	0	0.43	21079	27810
40577	944	0	0.42	19772	27180
40614	945	0	0.44	21197	26523
40650	946	0	0.45	20957	25459
40690	947	0	0.46	21094	24759
40729	948	0	0.46	20980	25008
40766	949	0	0.47	21777	24283
40805	950	0	0.48	21544	23434
40843	951	0	0.49	22266	23094
40879	952	0	0.51	23556	22491
40915	953	0	0.52	24125	22397
40954	954	0	0.53	24960	22117
40993	955	0	0.54	25847	21785
41031	956	0	0.55	26149	21823
41071	957	0	0.56	27171	21065
41110	958	0	0.58	28666	20459
41151	959	0	0.59	29483	20550
41191	960	0	0.60	30120	20254
41229	961	0	0.60	30170	20213
41269	962	0	0.60	30757	20507
41310	963	0	0.62	31880	19588
41348	964	0	0.62	32533	20065
41387	965	0	0.63	33507	19841
41425	966	0	0.63	33435	19341
41469	967	0	0.63	33945	19896
41508	968	0	0.63	34626	19982
41548	969	0	0.65	34356	18651
41588	970	0	0.64	35130	19479
41628	971	0	0.65	35651	18780
41668	972	0	0.65	35395	18812
41707	973	0	0.68	38262	17942
41744	974	0	0.68	36923	17776
41782	975	0	0.68	36960	17655
41825	976	0	0.69	36965	16425
41863	977	0	0.70	37852	15875
41903	978	0	0.69	37316	16661
41941	979	0	0.70	37925	15977
41978	980	0	0.71	37924	15449
42016	981	0	0.73	37354	13926
42055	982	0	0.73	37896	14104
42093	983	0	0.73	37862	14095
42132	984	0	0.73	37363	13650
42173	985	0	0.74	37412	13095
42214	986	0	0.75	37426	12287
42255	987	0	0.76	37005	11784
42302	988	0	0.77	37345	11200
42341	989	0	0.77	37954	11203
42380	990	0	0.78	38429	10709
42422	991	0	0.80	38968	9866
42460	992	0	0.80	39372	10030
42498	993	0	0.80	39587	9623
42538	994	0	0.81	39923	9442
42578	995	0	0.81	40447	9491
42616	996	0	0.82	40857	9141
42656	997	0	0.83	41731	8708
42693	998	0	0.83	43065	8867
42729	999	0	0.83	43426	9029
42766	1000	0	0.83	42982	8674
42804	1001	0	0.84	42080	7878
42842	1002	0	0.83	41221	8257
42880	1003	0	0.84	42292	8090
42921	1004	0	0.85	41009	7503
42971	1005	0	0.84	40823	7560
43010	1006	0	0.85	40230	7372
43050	1007	0	0.85	40415	7319
43089	1008	0	0.86	39557	6408
43127	1009	0	0.87	40969	5944
43166	1010	0	0.88	41142	5500
43212	1011	0	0.88	39806	5179
43252	1012	0	0.90	40996	4500
43293	1013	0	0.91	40595	4136
43338	1014	0	0.90	40841	4760
43379	1015	0	0.90	39664	4364
43421	1016	0	0.91	39420	4040
43458	1017	0	0.92	38832	3366
43501	1018	0	0.91	37769	3750
43545	1019	0	0.91	37785	3533
43582	1020	0	0.91	37334	3507
43621	1021	0	0.91	39276	3832
43662	1022	0	0.91	39791	3978
43699	1023	0	0.91	38566	3599
43739	1024	0	0.91	39297	3810
43780	1025	0	0.91	39246	3914
43822	1026	0	0.90	36964	4024
43862	1027	0	0.90	36823	3946
43904	1028	0	0.90	34824	3694
43941	1029	0	0.91	35865	3497
43979	1030	0	0.90	34777	3671
44017	1031	0	0.92	35534	3233
44057	1032	0	0.92	34671	3111
44096	1033	0	0.91	34832	3536
44136	1034	0	0.91	33549	3315
44175	1035	0	0.90	32418	3615
44214	1036	0	0.89	30567	3639
44254	1037	0	0.88	31542	4432
44293	1038	0	0.87	30005	4557
44333	1039	0	0.85	26608	4598
44372	1040	0	0.84	26553	5229
44415	1041	0	0.82	24231	5420
44453	1042	0	0.82	25188	5445
44492	1043	0	0.82	24624	5519
44531	1044	0	0.81	24490	5883
44573	1045	0	0.80	23637	5924
44609	1046	0	0.79	24599	6592
44650	1047	0	0.79	24734	6732
44688	1048	0	0.78	24135	6937
44725	1049	0	0.79	26504	6886
44765	1050	0	0.77	26698	7761
44802	1051	0	0.78	28043	7917
44838	1052	0	0.77	28212	8356
44877	1053	0	0.78	27627	7967
44917	1054	0	0.75	28065	9112
44955	1055	0	0.77	29243	8923
44992	1056	0	0.75	29513	10008
45031	1057	0	0.73	29959	11003
45071	1058	0	0.72	30028	11857
45109	1059	0	0.69	30157	13641
45145	1060	0	0.68	31087	14965
45185	1061	0	0.65	30557	16438
45227	1062	0	0.62	30879	18882
45276	1063	0	0.60	32739	21597
45315	1064	0	0.56	31633	24444
45356	1065	0	0.54	32896	27551
45396	1066	0	0.51	32297	31223
45432	1067	0	0.47	31869	35725
45472	1068	0	0.44	31707	40797
45510	1069	0	0.41	31324	45189
45549	1070	0	0.38	31391	51440
45590	1071	0	0.35	30956	57404
45628	1072	0	0.32	30405	64288
45669	1073	0	0.30	30600	71153
45709	1074	0	0.28	30166	78611
45748	1075	0	0.26	30121	86004
45787	1076	0	0.24	29444	94123
45826	1077	0	0.19	25767	106679
45866	1078	0	0.18	25858	116322
45904	1079	0	0.16	24217	126635
45941	1080	0	0.15	23346	136675
45977	1081	0	0.13	22410	147090
46015	1082	0	0.12	21325	158384
46052	1083	0	0.11	20717	168693
46089	1084	0	0.10	19903	180699
46125	1085	0	0.09	19279	192518
46163	1086	0	0.09	20933	205921
46199	1087	1	0.92	19402	219835
46239	1088	1	0.92	20174	232568
46278	1089	1	0.93	18927	246207
46316	1090	1	0.93	18387	260566
46354	1091	1	0.93	19763	276264
46392	1092	1	0.94	20050	291365
46430	1093	1	0.94	19110	307613
46467	1094	1	0.95	18803	323881
46505	1095	1	0.95	18830	341360
46544	1096	1	0.95	18561	358397
46584	1097	1	0.95	18046	375012
46625	1098	1	0.96	16844	393262
46664	1099	1	0.96	16116	410022
46705	1100	1	0.97	15082	428853
46744	1101	1	0.97	14060	447680
46783	1102	1	0.97	13710	466867
46823	1103	1	0.97	13727	486240
46867	1104	1	0.98	12846	506100
46912	1105	1	0.98	12584	525018
46955	1106	1	0.98	11729	544436
46997	1107	1	0.98	11145	564338
47036	1108	1	0.98	10547	583219
47076	1109	1	0.98	9274	602082
47115	1110	1	0.99	8497	621954
47153	1111	1	0.99	8335	640832
47190	1112	1	0.99	8045	660312
47229	1113	1	0.99	7975	678109
47272	1114	1	0.99	7897	696689
47315	1115	1	0.99	7662	713525
47358	1116	1	0.99	7439	730988
47396	1117	1	0.99	7496	748309
47434	1118	1	0.99	7475	763730
47474	1119	1	0.99	7263	779700
47520	1120	1	0.99	6594	794006
47564	1121	1	0.99	6109	808599
47605	1122	1	0.99	5544	823056
47643	1123	1	0.99	5773	830970
47681	1124	1	0.99	4831	844782
47722	1125	1	1.00	3837	858520
47760	1126	1	1.00	3623	872244
47801	1127	1	1.00	3136	885103
47839	1128	1	1.00	2337	897130
47878	1129	1	1.00	2355	909635
47920	1130	1	1.00	2440	921860
47961	1131	1	1.00	2315	933902
48002	1132	1	1.00	1911	945226
48042	1133	1	1.00	1755	954978
48082	1134	1	1.00	1604	966408
48123	1135	1	1.00	1745	977719
48169	1136	1	1.00	1887	989361
48210	1137	1	1.00	1843	1001333
48251	1138	1	1.00	1828	1012752
48294	1139	1	1.00	1957	1022350
48338	1140	1	1.00	1841	1032206
48380	1141	1	1.00	2110	1040420
48421	1142	1	1.00	2217	1046131
48464	1143	1	1.00	2042	1054511
48507	1144	1	1.00	1913	1060388
48549	1145	1	1.00	1828	1069309
48594	1146	1	1.00	1784	1073086
48635	1147	1	1.00	1830	1077278
48678	1148	1	1.00	1980	1080439
48720	1149	1	1.00	1961	1082757
48761	1150	1	1.00	1930	1082906
48805	1151	1	1.00	1959	1077379
48847	1152	1	1.00	1686	1078295
48889	1153	1	1.00	1553	1044969
48931	1154	1	1.00	1434	1053643
48973	1155	1	1.00	1430	1057245
49017	1156	1	1.00	1332	1060114
49061	1157	1	1.00	1311	1064215
49104	1158	1	1.00	1112	1067492
49146	1159	1	1.00	1069	1058136
49192	1160	1	1.00	1113	1054693
49237	1161	1	1.00	1032	1054326
49279	1162	1	1.00	1071	1048975
49323	1163	1	1.00	1268	1043761
49371	1164	1	1.00	1300	1037753
49413	1165	1	1.00	1158	1030399
49454	1166	1	1.00	1126	1021149
49498	1167	1	1.00	732	1018772
49547	1168	1	1.00	734	1012208
49595	1169	1	1.00	677	1006872
49638	1170	1	1.00	598	1002075
49681	1171	1	1.00	686	988971
49725	1172	1	1.00	764	981226
49769	1173	1	1.00	426	975101
49812	1174	1	1.00	444	949325
49859	1175	1	1.00	400	939660
49903	1176	1	1.00	381	933320
49944	1177	1	1.00	511	922494
49988	1178	1	1.00	497	914180
50038	1179	1	1.00	421	906012
50081	1180	1	1.00	470	882622
50122	1181	1	1.00	471	865614
50164	1182	1	1.00	388	846354
50205	1183	1	1.00	369	776593
50247	1184	1	1.00	226	782105
50290	1185	1	1.00	63	788787
50332	1186	1	1.00	45	780478
50379	1187	1	1.00	81	778480
50425	1188	1	1.00	97	775004
50467	1189	1	1.00	112	757733
50511	1190	1	1.00	102	745164
50556	1191	1	1.00	135	732110
50599	1192	1	1.00	85	710576
50640	1193	1	1.00	65	695456
50681	1194	1	1.00	29	682239
50725	1195	1	1.00	40	667973
50765	1196	1	1.00	75	655474
50808	1197	1	1.00	80	651174
50849	1198	1	1.00	50	636703
50896	1199	1	1.00	24	622196
50936	1200	1	1.00	53	618320
50978	1201	1	1.00	23	603669
51019	1202	1	1.00	14	585333
51063	1203	1	1.00	21	572554
51110	1204	1	1.00	155	549888
51153	1205	1	1.00	84	533356
51196	1206	1	1.00	96	517138
51236	1207	1	1.00	152	506281
51277	1208	1	1.00	151	488235
51316	1209	1	1.00	139	477699
51356	1210	1	1.00	140	461551
51400	1211	1	1.00	108	452382
51444	1212	1	1.00	107	443392
51483	1213	1	1.00	196	415634
51526	1214	1	1.00	246	409578
51568	1215	1	1.00	247	401778
51608	1216	1	1.00	296	388927
51648	1217	1	1.00	347	373529
51689	1218	1	1.00	298	358078
51732	1219	1	1.00	348	335280
51780	1220	1	1.00	312	315249
51824	1221	1	1.00	393	301952
51865	1222	1	1.00	360	286256
51908	1223	1	1.00	391	271252
51950	1224	1	1.00	351	260107
51997	1225	1	1.00	320	249659
52040	1226	1	1.00	270	240129
52085	1227	1	1.00	329	230907
52130	1228	0	0.00	286	195933
52167	1229	0	0.00	309	187223
52205	1230	0	0.00	262	180356
52242	1231	0	0.00	222	170619
52277	1232	0	0.00	215	162362
52313	1233	0	0.00	416	152242
52350	1234	0	0.00	440	144502
52386	1235	0	0.00	397	135376
52426	1236	0	0.00	385	125739
52463	1237	0	0.00	349	118190
52505	1238	0	0.00	315	113734
52544	1239	0	0.00	380	108716
52583	1240	0	0.00	354	103962
52623	1241	0	0.00	374	97828
52658	1242	0	0.00	418	91680
52693	1243	0	0.00	396	84060
52731	1244	0	0.01	428	79471
52775	1245	0	0.01	408	77024
52827	1246	0	0.01	422	74050
52863	1247	0	0.01	445	69918
52898	1248	0	0.01	446	70226
52938	1249	0	0.01	408	70151
52979	1250	0	0.00	319	69465
53017	1251	0	0.01	383	73771
53054	1252	0	0.01	466	79811
53089	1253	0	0.01	491	84207
53127	1254	0	0.01	508	88230
53168	1255	0	0.00	436	92203
53209	1256	0	0.00	446	94046
53244	1257	0	0.01	521	96209
53280	1258	0	0.01	544	97629
53316	1259	0	0.01	667	100582
53351	1260	0	0.01	644	102375
53388	1261	0	0.01	604	103981
53424	1262	0	0.01	562	103654
53458	1263	0	0.01	554	105992
53494	1264	0	0.01	636	106928
53533	1265	0	0.01	632	110184
53572	1266	0	0.01	580	112546
53608	1267	0	0.01	687	116344
53648	1268	0	0.01	653	120076
53688	1269	0	0.01	719	120200
53730	1270	0	0.01	681	120567
53770	1271	0	0.01	806	121708
53806	1272	0	0.01	939	125351
53845	1273	0	0.01	1007	128252
53881	1274	0	0.01	928	132193
53921	1275	0	0.01	939	138212
53960	1276	0	0.01	892	144419
54001	1277	0	0.01	908	146945
54044	1278	0	0.01	918	151201
54080	1279	0	0.01	884	153669
54116	1280	0	0.01	878	158367
54152	1281	0	0.01	950	158230
54193	1282	0	0.01	1051	161599
54229	1283	0	0.01	1085	160611
54265	1284	0	0.01	1116	168605
54304	1285	0	0.01	1057	170555
54345	1286	0	0.01	1140	173428
54384	1287	0	0.01	1277	175153
54422	1288	0	0.01	1443	180290
54457	1289	0	0.01	1547	182893
54493	1290	0	0.01	1595	187683
54533	1291	0	0.01	1746	190352
54572	1292	0	0.01	1870	198462
54611	1293	0	0.01	2112	201273
54648	1294	0	0.01	2012	207036
54687	1295	1	0.99	2176	209629
54734	1296	1	0.99	2416	208454
54785	1297	1	0.99	2493	214880
54835	1298	1	0.99	2908	218404
54889	1299	1	0.99	3071	224990
54938	1300	1	0.99	2903	225180
54986	1301	1	0.99	3127	231752
55035	1302	1	0.99	3250	232497
55082	1303	1	0.98	4155	236563
55130	1304	1	0.98	4678	247201
55179	1305	1	0.98	4572	256890
55231	1306	1	0.98	4611	263256
55279	1307	1	0.98	5076	269597
55325	1308	1	0.98	5240	269528
55374	1309	1	0.98	5224	274726
55426	1310	1	0.98	5177	276984
55474	1311	1	0.98	5691	280632
55522	1312	1	0.98	5743	286836
55572	1313	1	0.98	6030	292047
55620	1314	1	0.98	6179	293679
55671	1315	1	0.98	6169	299069
55719	1316	1	0.98	6253	304278
55767	1317	1	0.98	5867	304732
55817	1318	1	0.98	5708	299003
55865	1319	1	0.98	5672	293408
55916	1320	1	0.98	5694	291740
55968	1321	1	0.98	5457	290079
56020	1322	1	0.98	5459	290502
56071	1323	1	0.98	5588	290351
56122	1324	1	0.98	5549	292367
56174	1325	1	0.98	5500	297496
56223	1326	1	0.98	5406	301720
56276	1327	1	0.98	5705	307311
56329	1328	1	0.98	5708	314587
56380	1329	1	0.98	5794	312481
56430	1330	1	0.98	5784	318212
56484	1331	1	0.98	5682	318478
56542	1332	1	0.98	5819	318927
56592	1333	1	0.98	5967	342327
56650	1334	1	0.98	5792	349489
56708	1335	1	0.98	5512	356138
56759	1336	1	0.99	5202	364090
56809	1337	1	0.99	5383	370341
56861	1338	1	0.99	5215	369713
56914	1339	1	0.99	5056	373064
56972	1340	1	0.99	4966	376757
57020	1341	1	0.99	5065	378547
57069	1342	1	0.99	5147	379487
57122	1343	1	0.99	5204	375526
57186	1344	1	0.99	5118	379179
57238	1345	1	0.99	5206	376270
57294	1346	1	0.99	5355	376720
57345	1347	1	0.99	5544	373061
57397	1348	1	0.99	5438	369121
57448	1349	1	0.99	5563	369880
57496	1350	1	0.98	5670	368165
57549	1351	1	0.98	5658	363765
57599	1352	1	0.99	5493	361542
57652	1353	1	0.98	5650	356138
57705	1354	1	0.98	5658	353963
57756	1355	1	0.98	5419	355607
57810	1356	1	0.98	5430	350928
57858	1357	1	0.98	5420	352111
57908	1358	1	0.98	5601	349786
57961	1359	1	0.98	5695	334550
58013	1360	1	0.98	5597	326209
58067	1361	1	0.98	5664	312023
58121	1362	1	0.98	5702	292479
58173	1363	1	0.98	5946	247422
58224	1364	1	0.98	5713	246203
58273	1365	1	0.98	5453	246334
58322	1366	1	0.98	5444	243400
58370	1367	1	0.98	5352	242047
58416	1368	1	0.98	5587	235647
58464	1369	1	0.98	5819	233251
58515	1370	1	0.97	6264	230787
58562	1371	1	0.97	6797	227943
58609	1372	1	0.97	6846	222011
58657	1373	1	0.97	6913	217191
58703	1374	1	0.97	6688	216215
58749	1375	1	0.97	6736	211181
58796	1376	0	0.03	6427	207207
58834	1377	0	0.03	6361	201974
58873	1378	0	0.03	6003	202259
58911	1379	0	0.03	6036	197672
58949	1380	0	0.03	6186	196394
58988	1381	0	0.04	7250	166648
59025	1382	0	0.04	7168	164855
59060	1383	0	0.04	6997	165431
59095	1384	0	0.04	6875	170218
59130	1385	0	0.04	6423	167744
59165	1386	0	0.04	6193	167363
59201	1387	0	0.03	5897	164067
59238	1388	0	0.03	5692	163239
59273	1389	0	0.03	5334	156447
59309	1390	0	0.03	5010	150911
59356	1391	0	0.03	4620	142905
59399	1392	0	0.03	4271	133521
59438	1393	0	0.04	4461	110921
59474	1394	0	0.04	4386	110822
59515	1395	0	0.04	4379	110453
59550	1396	0	0.04	4220	109205
59589	1397	0	0.04	4196	110265
59627	1398	0	0.04	4203	106517
59666	1399	0	0.04	4095	104187
59706	1400	0	0.04	4089	102346
59743	1401	0	0.03	3609	102102
59779	1402	0	0.03	3071	99208
59815	1403	0	0.03	2855	100121
59853	1404	0	0.03	2810	101137
59893	1405	0	0.02	2565	101099
59931	1406	0	0.02	2607	102656
59968	1407	0	0.02	2312	104593
60008	1408	0	0.02	1930	108752
60050	1409	0	0.02	1785	108900
60090	1410	0	0.01	1404	111386
60129	1411	0	0.01	1054	111875
60168	1412	0	0.01	1409	110992
60210	1413	0	0.01	1567	103689
60247	1414	0	0.02	1525	99336
60283	1415	0	0.02	1617	94145
60322	1416	0	0.02	1741	94849
60354	1417	0	0.02	1866	93519
60399	1418	0	0.02	2081	91417
60434	1419	0	0.03	2402	92686
60470	1420	0	0.03	2922	94196
60506	1421	0	0.03	3161	94911
60542	1422	0	0.03	3084	95040
60578	1423	0	0.04	4564	102222
60612	1424	0	0.04	4853	103480
60646	1425	0	0.04	4643	109052
60688	1426	0	0.04	4460	108867
60727	1427	0	0.04	4310	112236
60762	1428	0	0.04	4665	113658
60797	1429	0	0.04	4717	112820
60833	1430	0	0.04	4814	113077
60870	1431	0	0.04	5119	111432
60908	1432	0	0.04	5148	110590
60943	1433	0	0.05	5220	108805
60979	1434	0	0.05	5352	109042
61015	1435	0	0.05	5298	107854
61057	1436	0	0.05	5709	107921
61092	1437	0	0.05	5625	107845
61131	1438	0	0.05	5725	104063
61171	1439	0	0.06	5994	100105
61207	1440	0	0.06	6382	93962
61243	1441	0	0.07	6501	88157
61279	1442	0	0.08	6694	80811
61321	1443	0	0.08	7007	79268
61357	1444	0	0.08	6732	73896
61400	1445	0	0.08	6812	76512
61439	1446	0	0.09	7132	72111
61474	1447	0	0.10	7824	69648
61511	1448	0	0.11	8112	68912
61549	1449	0	0.11	8111	67638
61589	1450	0	0.11	8110	66080
61627	1451	0	0.11	8280	66850
61662	1452	0	0.12	8541	64656
61700	1453	0	0.12	8402	59636
61741	1454	0	0.12	8390	60863
61780	1455	0	0.13	9004	59593
61818	1456	0	0.13	9217	60525
61857	1457	0	0.13	9470	61712
61898	1458	0	0.13	9484	61307
61940	1459	0	0.14	10435	63592
61977	1460	0	0.13	10042	66751
62021	1461	0	0.14	10283	65034
62060	1462	0	0.14	10835	64220
62100	1463	0	0.14	11032	65705
62139	1464	0	0.15	11194	61475
62178	1465	0	0.15	11099	62357
62214	1466	0	0.15	11277	61713
62248	1467	0	0.15	11125	62818
62284	1468	0	0.16	11436	61356
62322	1469	0	0.15	11109	60873
62360	1470	0	0.14	11016	65189
62404	1471	0	0.15	10965	63549
62444	1472	0	0.15	11114	63759
62480	1473	0	0.15	11106	62329
62517	1474	0	0.15	11136	61028
62557	1475	0	0.16	11306	60324
62596	1476	0	0.17	11488	56230
62635	1477	0	0.17	11298	55655
62674	1478	0	0.17	11182	55380
62710	1479	0	0.17	11124	54779
62755	1480	0	0.18	11594	54428
62804	1481	0	0.18	11763	53166
62846	1482	0	0.19	12022	50836
62886	1483	0	0.20	12176	47602
62925	1484	0	0.21	12098	46031
62960	1485	0	0.21	12129	46145
62996	1486	0	0.22	12025	43052
63034	1487	0	0.22	11640	42232
63075	1488	0	0.22	11320	39003
63113	1489	0	0.24	11322	36382
63158	1490	0	0.25	11199	33542
63196	1491	0	0.25	11300	33229
63232	1492	0	0.25	10915	32630
63272	1493	0	0.26	11225	31450
63309	1494	0	0.27	10911	30050
63347	1495	0	0.28	11121	28381
63384	1496	0	0.28	10756	27964
63422	1497	0	0.29	11287	27045
63457	1498	0	0.30	11213	26562
63499	1499	0	0.30	11152	26125
63541	1500	0	0.30	10940	25524
63581	1501	0	0.30	10844	24885
63622	1502	0	0.30	10701	25424
63662	1503	0	0.31	10983	24609
63697	1504	0	0.31	10525	23574
63733	1505	0	0.30	10547	24372
63768	1506	0	0.30	10608	24468
63809	1507	0	0.30	10470	24426
63852	1508	0	0.31	10548	23434
63892	1509	0	0.31	10763	23676
63934	1510	0	0.33	10973	22694
63971	1511	0	0.31	10762	23592
64007	1512	0	0.31	10767	23619
64042	1513	0	0.34	11380	21650
64078	1514	0	0.33	10830	21820
64114	1515	0	0.32	10307	22300
64150	1516	0	0.30	9891	23264
64189	1517	0	0.31	10285	23267
64226	1518	0	0.30	9146	21527
64263	1519	0	0.30	8972	20625
64299	1520	0	0.29	8638	21481
64340	1521	0	0.30	8634	20433
64378	1522	0	0.30	8329	19649
64416	1523	0	0.31	8129	18452
64456	1524	0	0.30	7861	17946
64494	1525	0	0.30	7679	17956
64536	1526	0	0.28	7192	18117
64578	1527	0	0.29	6938	16639
64616	1528	0	0.28	6862	18050
64655	1529	0	0.27	6240	16573
64692	1530	0	0.26	6267	17592
64727	1531	0	0.28	6350	16587
64763	1532	0	0.28	7557	19877
64801	1533	0	0.29	7907	19751
64842	1534	0	0.27	7878	20834
64879	1535	0	0.27	7500	19932
64915	1536	0	0.28	7723	19776
64953	1537	0	0.26	7374	20525
64989	1538	0	0.27	7370	20351
65030	1539	0	0.25	7029	20593
65074	1540	0	0.25	6916	21024
65111	1541	0	0.27	7173	19090
65146	1542	0	0.26	6668	18931
65186	1543	0	0.31	7522	16863
65223	1544	0	0.30	7249	16562
65260	1545	0	0.29	6933	17217
65298	1546	0	0.27	6676	17738
65337	1547	0	0.25	6380	19528
65372	1548	0	0.25	6558	20181
65408	1549	0	0.26	7035	20389
65444	1550	0	0.28	7238	18783
65479	1551	0	0.29	7331	18344
65518	1552	0	0.30	7360	17174
65557	1553	0	0.29	7249	17984
65595	1554	0	0.30	7321	17045
65634	1555	0	0.31	6969	15702
65675	1556	0	0.30	6644	15702
65711	1557	0	0.31	6698	14631
65751	1558	0	0.30	6464	15039
65789	1559	0	0.31	6589	14867
65827	1560	0	0.33	6827	13993
65864	1561	0	0.32	6505	14126
65906	1562	0	0.30	6029	14253
65942	1563	0	0.29	6071	14597
65978	1564	0	0.32	6435	13597
66014	1565	0	0.33	6492	13219
66050	1566	0	0.34	6161	11811
66085	1567	0	0.32	5658	12286
66122	1568	0	0.32	5654	11839
66162	1569	0	0.33	5482	10919
66205	1570	0	0.33	5003	10180
66246	1571	0	0.35	5270	9707
66287	1572	0	0.36	5526	9674
66324	1573	0	0.43	5991	8054
66362	1574	0	0.41	5571	8076
66401	1575	0	0.43	6064	8203
66436	1576	0	0.45	6211	7590
66472	1577	0	0.44	6175	7778
66516	1578	0	0.47	6034	6933
66556	1579	0	0.46	5523	6612
66596	1580	0	0.46	5464	6403
66639	1581	0	0.44	5439	6960
66674	1582	0	0.50	5785	5826
66710	1583	0	0.50	5817	5733
66747	1584	0	0.50	5470	5558
66788	1585	0	0.50	5685	5665
66824	1586	0	0.57	6082	4585
66861	1587	0	0.53	6852	6010
66896	1588	0	0.56	6766	5292
66934	1589	0	0.57	6704	5149
66977	1590	0	0.57	7261	5401
67013	1591	0	0.59	7181	4906
67050	1592	0	0.60	7263	4846
67091	1593	0	0.55	7062	5745
67129	1594	0	0.57	7026	5377
67167	1595	0	0.58	6954	5136
67206	1596	0	0.60	7599	4963
67242	1597	0	0.57	7696	5694
67291	1598	0	0.58	8053	5824
67331	1599	0	0.57	8265	6327
67373	1600	0	0.59	8132	5667
67414	1601	0	0.59	8171	5595
67454	1602	0	0.60	8459	5628
67493	1603	0	0.62	8231	5094
67530	1604	0	0.60	7895	5290
67566	1605	0	0.59	7373	5196
67604	1606	0	0.57	7207	5466
67646	1607	0	0.56	7182	5660
67682	1608	0	0.53	6832	5974
67717	1609	0	0.53	6768	6025
67756	1610	0	0.51	6306	6132
67793	1611	0	0.50	5967	5989
67829	1612	0	0.52	6070	5613
67869	1613	0	0.51	5903	5583
67913	1614	0	0.50	6048	5952
67952	1615	0	0.50	5999	5897
67990	1616	0	0.53	6632	5965
68027	1617	0	0.53	6689	5940
68064	1618	0	0.52	6757	6175
68100	1619	0	0.51	6966	6739
68136	1620	0	0.54	6768	5769
68172	1621	0	0.55	6878	5634
68208	1622	0	0.55	7079	5785
68244	1623	0	0.54	7457	6310
68280	1624	0	0.54	7729	6456
68323	1625	0	0.52	7730	7107
68362	1626	0	0.52	7464	7018
68400	1627	0	0.52	7354	6778
68438	1628	0	0.54	7294	6306
68489	1629	0	0.52	7309	6819
68530	1630	0	0.52	7039	6440
68572	1631	0	0.50	6700	6665
68617	1632	0	0.51	6864	6666
68656	1633	0	0.54	7905	6638
68694	1634	0	0.52	7782	7043
68732	1635	0	0.48	7472	8097
68771	1636	0	0.51	7883	7659
68807	1637	0	0.53	8122	7114
68843	1638	0	0.51	8654	8193
68879	1639	0	0.51	8762	8392
68916	1640	0	0.54	8751	7568
68951	1641	0	0.52	8269	7488
68991	1642	0	0.50	8102	8042
69034	1643	0	0.51	8020	7695
69072	1644	0	0.49	7650	8071
69112	1645	0	0.50	7713	7693
69151	1646	0	0.49	7395	7632
69189	1647	0	0.54	8307	7121
69230	1648	0	0.51	8467	8265
69270	1649	0	0.51	8549	8177
69311	1650	0	0.49	8352	8700
69358	1651	0	0.48	8689	9580
69397	1652	0	0.49	8797	9229
69434	1653	0	0.50	8442	8401
69474	1654	0	0.49	8011	8204
69509	1655	0	0.51	8011	7808
69546	1656	0	0.48	7198	7857
69584	1657	0	0.49	7137	7354
69621	1658	0	0.44	6705	8501
69661	1659	0	0.46	6861	8214
69698	1660	0	0.46	6752	8043
69745	1661	0	0.45	6867	8294
69782	1662	0	0.43	6907	9232
69822	1663	0	0.47	7376	8442
69858	1664	0	0.45	7784	9627
69895	1665	0	0.44	7617	9591
69936	1666	0	0.43	7968	10642
69976	1667	0	0.43	7937	10593
70015	1668	0	0.42	7857	10982
70056	1669	0	0.40	7621	11243
70091	1670	0	0.40	7528	11374
70132	1671	0	0.38	7183	11627
70169	1672	0	0.39	7220	11394
70212	1673	0	0.39	7601	11717
70248	1674	0	0.38	7539	12064
70284	1675	0	0.39	7929	12452
70321	1676	0	0.40	8069	12253
70355	1677	0	0.42	8056	11281
70399	1678	0	0.39	7848	12021
70434	1679	0	0.38	7432	12272
70468	1680	0	0.36	7446	13276
70503	1681	0	0.37	7751	13246
70538	1682	0	0.35	7680	14297
70574	1683	0	0.34	7589	14558
70613	1684	0	0.34	7940	15153
70649	1685	0	0.42	8596	11689
70686	1686	0	0.42	9131	12676
70730	1687	0	0.44	9439	12180
70766	1688	0	0.41	8652	12660
70804	1689	0	0.40	8433	12674
70841	1690	0	0.40	8402	12796
70877	1691	0	0.39	8342	13058
70913	1692	0	0.38	8120	13495
70948	1693	0	0.46	8780	10364
70982	1694	0	0.42	8281	11286
71017	1695	0	0.40	7633	11265
71052	1696	0	0.39	7466	11705
71093	1697	0	0.38	7277	11858
71132	1698	0	0.37	7074	12172
71168	1699	0	0.39	7306	11642
71204	1700	0	0.39	7474	11561
71247	1701	0	0.40	7384	11300
71284	1702	0	0.38	7205	11638
71321	1703	0	0.37	7131	12060
71362	1704	0	0.40	7555	11398
71402	1705	0	0.40	8107	11940
71442	1706	0	0.39	8101	12620
71482	1707	0	0.41	9035	13270
71523	1708	0	0.42	9262	12762
71564	1709	0	0.43	8998	12025
71601	1710	0	0.42	8542	11957
71639	1711	0	0.40	8006	12238
71675	1712	0	0.43	8343	11107
71712	1713	0	0.44	8747	10939
71750	1714	0	0.48	8621	9312
71793	1715	0	0.50	8447	8501
71830	1716	0	0.50	8150	8156
71872	1717	0	0.51	8404	8164
71910	1718	0	0.54	8672	7373
71947	1719	0	0.55	9529	7672
71984	1720	0	0.55	9437	7685
72025	1721	0	0.57	9545	7196
72066	1722	0	0.54	9343	7806
72106	1723	0	0.59	9186	6373
72148	1724	0	0.60	9474	6444
72186	1725	0	0.57	8737	6515
72223	1726	0	0.54	8943	7526
72262	1727	0	0.56	9775	7692
72300	1728	0	0.57	10850	8197
72339	1729	0	0.61	11440	7264
72378	1730	0	0.63	11459	6785
72416	1731	0	0.64	11273	6451
72457	1732	0	0.64	11077	6198
72497	1733	0	0.61	10411	6631
72534	1734	0	0.63	10597	6343
72572	1735	0	0.64	10874	6233
72609	1736	0	0.64	11075	6356
72651	1737	0	0.66	11505	5920
72689	1738	0	0.66	11685	6092
72727	1739	0	0.68	11295	5362
72768	1740	0	0.66	10915	5528
72806	1741	0	0.65	10072	5480
72845	1742	0	0.62	9678	5901
72882	1743	0	0.60	9713	6444
72917	1744	0	0.62	10041	6120
72955	1745	0	0.60	10230	6822
72996	1746	0	0.60	10499	7047
73038	1747	0	0.59	10564	7244
73080	1748	0	0.60	10364	6991
73116	1749	0	0.57	9942	7409
73153	1750	0	0.63	10916	6449
73194	1751	0	0.63	10870	6466
73231	1752	0	0.63	10392	6081
73266	1753	0	0.67	10447	5180
73304	1754	0	0.66	10084	5112
73344	1755	0	0.62	9332	5690
73394	1756	0	0.58	9059	6694
73432	1757	0	0.58	9208	6771
73473	1758	0	0.61	9075	5822
73517	1759	0	0.62	9087	5622
73557	1760	0	0.62	8754	5366
73598	1761	0	0.62	9232	5608
73638	1762	0	0.63	8883	5146
73673	1763	0	0.60	9657	6344
73708	1764	0	0.60	9120	6018
73742	1765	0	0.61	9109	5920
73777	1766	0	0.63	9852	5666
73812	1767	0	0.64	9328	5268
73854	1768	0	0.64	9454	5267
73892	1769	0	0.68	9798	4551
73931	1770	0	0.68	9503	4516
73966	1771	0	0.66	9005	4623
74004	1772	0	0.65	8674	4738
74043	1773	0	0.65	8498	4517
74080	1774	0	0.68	8510	3993
74124	1775	0	0.66	8221	4200
74164	1776	0	0.65	8394	4596
74202	1777	0	0.64	7982	4567
74238	1778	0	0.63	7650	4430
74279	1779	0	0.63	7772	4609
74315	1780	0	0.63	7765	4510
74351	1781	0	0.64	7963	4395
74388	1782	0	0.65	7815	4283
74423	1783	0	0.67	8984	4403
74460	1784	0	0.65	8465	4495
74497	1785	0	0.65	8470	4482
74534	1786	0	0.63	8178	4707
74572	1787	0	0.64	8328	4747
74608	1788	0	0.62	8158	4968
74646	1789	0	0.65	8234	4394
74683	1790	0	0.66	8267	4229
74723	1791	0	0.65	8204	4384
74764	1792	0	0.68	8436	3948
74806	1793	0	0.67	8248	4070
74843	1794	0	0.67	8133	4092
74882	1795	0	0.70	8227	3577
74924	1796	0	0.68	7903	3787
74960	1797	0	0.68	7804	3746
74996	1798	0	0.66	7642	3897
75032	1799	0	0.64	7632	4229
75067	1800	0	0.64	7873	4383
75106	1801	0	0.69	8291	3806
75145	1802	0	0.67	8098	4020
75188	1803	0	0.67	8504	4248
75227	1804	0	0.68	8971	4305
75269	1805	0	0.69	9315	4108
75312	1806	0	0.67	9707	4854
75353	1807	0	0.68	9633	4603
75392	1808	0	0.70	9820	4255
75430	1809	0	0.70	9687	4205
75469	1810	0	0.68	9596	4509
75506	1811	0	0.66	9403	4846
75541	1812	0	0.65	9512	5027
75577	1813	0	0.72	10210	3965
75621	1814	0	0.69	10079	4450
75660	1815	0	0.68	9858	4616
75698	1816	0	0.70	10359	4456
75734	1817	0	0.71	10450	4202
75782	1818	0	0.69	10758	4818
75819	1819	0	0.71	10760	4332
75858	1820	0	0.70	10561	4475
75898	1821	0	0.73	10522	3946
75937	1822	0	0.70	10064	4410
75977	1823	0	0.70	9541	4080
76017	1824	0	0.67	8895	4429
76054	1825	0	0.64	8395	4633
76095	1826	0	0.65	8010	4403
76132	1827	0	0.61	7793	4911
76171	1828	0	0.63	8179	4838
76209	1829	0	0.61	7873	5140
76247	1830	0	0.64	8329	4638
76287	1831	0	0.64	8551	4864
76328	1832	0	0.65	8744	4664
76380	1833	0	0.64	8801	4889
76418	1834	0	0.63	8677	5177
76456	1835	0	0.65	8669	4687
76493	1836	0	0.72	8511	3379
76529	1837	0	0.74	8944	3102
76565	1838	0	0.73	8889	3291
76608	1839	0	0.70	8294	3487
76653	1840	0	0.68	7676	3587
76700	1841	0	0.66	7430	3873
76739	1842	0	0.61	7288	4577
76777	1843	0	0.64	7495	4190
76815	1844	0	0.59	7078	4998
76852	1845	0	0.58	7369	5364
76889	1846	0	0.59	7512	5241
76926	1847	0	0.59	7787	5468
76963	1848	0	0.58	8109	5978
77001	1849	0	0.58	8289	6030
77039	1850	0	0.56	8644	6670
77076	1851	0	0.57	8679	6676
77115	1852	0	0.56	8408	6513
77153	1853	0	0.54	8056	6858
77189	1854	0	0.53	8043	7254
77228	1855	0	0.56	7968	6186
77265	1856	0	0.54	7587	6485
77313	1857	0	0.53	7244	6413
77354	1858	0	0.50	6624	6655
77396	1859	0	0.46	6322	7451
77434	1860	0	0.49	6297	6583
77477	1861	0	0.47	6505	7202
77516	1862	0	0.49	6784	7196
77561	1863	0	0.46	6837	7897
77599	1864	0	0.51	7504	7318
77641	1865	0	0.51	8007	7629
77679	1866	0	0.52	8526	7921
77722	1867	0	0.51	8925	8480
77760	1868	0	0.52	9278	8598
77802	1869	0	0.54	9129	7735
77841	1870	0	0.54	9024	7567
77884	1871	0	0.50	8534	8450
77921	1872	0	0.52	8029	7381
77965	1873	0	0.54	8218	7045
78007	1874	0	0.52	8129	7507
78051	1875	0	0.50	8002	8069
78089	1876	0	0.49	7543	7971
78133	1877	0	0.47	7305	8172
78171	1878	0	0.47	7243	8066
78213	1879	0	0.47	7300	8393
78251	1880	0	0.50	7582	7733
78293	1881	0	0.48	7179	7878
78333	1882	0	0.49	7607	7764
78377	1883	0	0.50	7761	7687
78413	1884	0	0.53	7686	6871
78456	1885	0	0.55	8074	6669
78495	1886	0	0.53	8403	7443
78537	1887	0	0.51	8635	8210
78577	1888	0	0.52	8540	7851
78622	1889	0	0.52	8811	8285
78660	1890	0	0.53	9056	8124
78700	1891	0	0.54	8965	7780
78739	1892	0	0.56	9450	7473
78775	1893	0	0.55	9592	7757
78810	1894	0	0.54	9408	8082
78845	1895	0	0.52	8969	8263
78882	1896	0	0.50	8667	8564
78917	1897	0	0.49	8505	8930
78954	1898	0	0.48	7915	8632
78994	1899	0	0.46	7535	8797
79032	1900	0	0.46	7082	8337
79067	1901	0	0.45	6866	8549
79102	1902	0	0.43	6292	8476
79138	1903	0	0.47	7019	7775
79175	1904	0	0.42	6759	9198
79213	1905	0	0.43	6680	8699
79255	1906	0	0.42	6786	9368
79291	1907	0	0.41	6656	9774
79329	1908	0	0.39	6641	10291
79373	1909	0	0.39	6654	10227
79414	1910	0	0.42	6958	9798
79451	1911	0	0.41	6679	9715
79491	1912	0	0.41	6412	9374
79529	1913	0	0.41	6640	9549
79569	1914	0	0.43	7084	9338
79606	1915	0	0.41	6868	9741
79642	1916	0	0.41	7015	10011
79678	1917	0	0.43	7580	10021
79716	1918	0	0.46	8017	9238
79754	1919	0	0.44	8032	10157
79792	1920	0	0.45	8127	9903
79829	1921	0	0.42	7922	10741
79866	1922	0	0.43	8059	10850
79906	1923	0	0.43	7648	10156
79943	1924	0	0.44	8048	10228
79978	1925	0	0.45	7903	9711
80015	1926	0	0.45	8179	9893
80053	1927	0	0.48	8176	8749
80089	1928	0	0.50	8291	8267
80127	1929	0	0.50	8264	8292
80166	1930	0	0.50	8381	8486
80202	1931	0	0.52	8556	7899
80244	1932	0	0.53	8787	7709
80287	1933	0	0.52	8562	7827
80333	1934	0	0.58	10025	7225
80378	1935	0	0.56	9683	7763
80422	1936	0	0.52	9196	8526
80461	1937	0	0.50	8506	8628
80502	1938	0	0.50	8114	8236
80540	1939	0	0.52	8215	7440
80578	1940	0	0.53	8030	7004
80616	1941	0	0.54	8146	6803
80652	1942	0	0.55	8123	6621
80689	1943	0	0.56	8484	6795
80726	1944	0	0.58	8358	5941
80762	1945	0	0.61	8453	5499
80800	1946	0	0.60	8441	5646
80835	1947	0	0.63	8477	5038
80873	1948	0	0.64	9108	5177
80909	1949	0	0.66	9532	4935
80945	1950	0	0.68	9175	4321
80987	1951	0	0.67	9218	4546
81024	1952	0	0.68	9757	4527
81063	1953	0	0.69	9914	4379
81102	1954	0	0.70	9878	4257
81140	1955	0	0.70	9843	4236
81177	1956	0	0.69	9581	4221
81214	1957	0	0.71	9661	4036
81253	1958	0	0.73	10058	3756
81290	1959	0	0.74	10219	3613
81328	1960	0	0.74	10211	3547
81368	1961	0	0.74	9886	3513
81407	1962	0	0.74	10232	3606
81447	1963	0	0.75	9888	3345
81488	1964	0	0.73	10464	3870
81526	1965	0	0.73	11052	4098
81562	1966	0	0.73	10806	3949
81604	1967	0	0.69	10271	4635
81644	1968	0	0.67	10072	5063
81683	1969	0	0.67	9932	4900
81721	1970	0	0.67	10027	4953
81758	1971	0	0.68	9758	4589
81800	1972	0	0.67	9516	4762
81839	1973	0	0.63	9729	5624
81874	1974	0	0.63	9635	5613
81911	1975	0	0.64	9843	5605
81949	1976	0	0.62	9898	5992
81987	1977	0	0.61	9625	6275
82026	1978	0	0.58	9766	7074
82063	1979	0	0.58	9617	6914
82101	1980	0	0.58	9520	6972
82142	1981	0	0.57	9690	7328
82183	1982	0	0.59	9656	6667
82222	1983	0	0.57	9018	6942
82260	1984	0	0.56	8973	6961
82301	1985	0	0.58	9183	6613
82343	1986	0	0.60	9515	6311
82378	1987	0	0.58	9131	6581
82415	1988	0	0.58	9514	6778
82451	1989	0	0.61	12966	8184
82489	1990	0	0.63	14065	8398
82529	1991	0	0.61	13558	8691
82570	1992	0	0.59	12209	8612
82613	1993	0	0.61	11907	7665
82653	1994	0	0.64	12164	6723
82690	1995	0	0.59	11087	7807
82726	1996	0	0.58	10569	7585
82762	1997	0	0.57	10650	7921
82799	1998	0	0.57	10285	7649
82838	1999	0	0.60	11178	7480
82875	2000	0	0.60	10763	7137
82912	2001	0	0.60	11773	7900
82951	2002	0	0.58	11679	8320
82992	2003	0	0.55	11692	9481
83028	2004	0	0.57	12009	9086
83065	2005	0	0.57	11475	8629
83103	2006	0	0.54	11087	9324
83141	2007	0	0.55	10918	8885
83183	2008	0	0.57	11116	8470
83227	2009	0	0.58	11243	8132
83269	2010	0	0.58	11690	8337
83308	2011	0	0.59	12101	8383
83345	2012	0	0.58	11898	8655
83382	2013	0	0.58	12350	8871
83418	2014	0	0.58	12811	9251
83456	2015	0	0.58	12961	9553
83493	2016	0	0.58	13273	9663
83533	2017	0	0.57	13165	10100
83570	2018	0	0.56	13522	10841
83609	2019	0	0.57	14216	10697
83651	2020	0	0.58	14410	10633
83689	2021	0	0.59	15331	10707
83726	2022	0	0.60	15453	10412
83772	2023	0	0.59	15769	11070
83811	2024	0	0.59	16014	11310
83848	2025	0	0.55	16718	13790
83890	2026	0	0.56	16488	12940
83927	2027	0	0.56	16656	13218
83963	2028	0	0.55	15771	12959
84002	2029	0	0.54	15836	13332
84040	2030	0	0.54	15766	13223
84077	2031	0	0.54	15679	13298
84113	2032	0	0.54	16193	13997
84152	2033	0	0.55	16209	13057
84190	2034	0	0.55	15912	13036
84230	2035	0	0.55	16207	13355
84273	2036	0	0.53	15379	13689
84314	2037	0	0.54	15571	13242
84358	2038	0	0.53	14861	13440
84396	2039	0	0.52	15061	14105
84434	2040	0	0.50	15325	15113
84473	2041	0	0.49	15369	16161
84512	2042	0	0.51	15746	15007
84550	2043	0	0.51	16428	15738
84590	2044	0	0.52	16518	15500
84627	2045	0	0.51	16624	16020
84664	2046	0	0.50	16384	16381
84706	2047	0	0.49	16267	17074
84743	2048	0	0.49	16505	16859
84784	2049	0	0.50	16836	17028
84825	2050	0	0.49	16279	16910
84864	2051	0	0.49	16138	17026
84910	2052	0	0.49	15596	16249
84955	2053	0	0.48	14769	15929
84991	2054	0	0.51	15955	15328
85029	2055	0	0.50	15521	15341
85070	2056	0	0.50	14812	14901
85113	2057	0	0.46	13370	15869
85150	2058	0	0.45	13392	16465
85188	2059	0	0.43	13312	17305
85230	2060	0	0.43	12674	16907
85269	2061	0	0.42	12895	17905
85307	2062	0	0.43	13081	17476
85343	2063	0	0.45	13504	16393
85382	2064	0	0.45	13740	16894
85419	2065	0	0.46	13611	16059
85462	2066	0	0.43	13260	17674
85499	2067	0	0.41	12929	18386
85540	2068	0	0.41	13289	18991
85580	2069	0	0.40	12986	19131
85617	2070	0	0.40	12904	19155
85657	2071	0	0.38	12451	20553
85698	2072	0	0.37	12353	21114
85736	2073	0	0.38	12793	21306
85774	2074	0	0.36	12954	22798
85812	2075	0	0.36	12792	23118
85849	2076	0	0.35	12334	23136
85889	2077	0	0.35	12221	22729
85927	2078	0	0.34	12260	23790
85967	2079	0	0.35	12742	23712
86007	2080	0	0.35	12866	24195
86049	2081	0	0.33	12621	25841
86093	2082	0	0.31	12168	27386
86132	2083	0	0.30	11650	27749
86173	2084	0	0.33	12731	26013
86211	2085	0	0.31	11976	26576
86248	2086	0	0.29	11229	27892
86287	2087	0	0.30	11398	26470
86325	2088	0	0.29	11007	27260
86362	2089	0	0.28	11278	28548
86398	2090	0	0.29	11362	28067
86434	2091	0	0.27	10667	28669
86472	2092	0	0.27	10860	28961
86508	2093	0	0.27	10670	29098
86545	2094	0	0.26	10611	29715
86583	2095	0	0.25	9908	29934
86624	2096	0	0.25	9762	28974
86663	2097	0	0.26	10089	29146
86704	2098	0	0.27	10468	28484
86740	2099	0	0.26	9851	27763
86775	2100	0	0.25	9625	28917
86810	2101	0	0.24	8984	28872
86850	2102	0	0.23	8496	27698
86891	2103	0	0.23	8101	26654
86927	2104	0	0.23	8395	27626
86966	2105	0	0.24	8288	26766
87013	2106	0	0.22	8175	28745
87058	2107	0	0.22	8100	28388
87098	2108	0	0.22	7791	27329
87137	2109	0	0.24	8127	26411
87178	2110	0	0.23	8079	26480
87222	2111	0	0.23	7871	26489
87259	2112	0	0.22	7350	26678
87296	2113	0	0.22	7301	26322
87335	2114	0	0.26	7937	22423
87373	2115	0	0.26	7598	22192
87410	2116	0	0.23	6727	22316
87447	2117	0	0.23	6731	22102
87482	2118	0	0.23	6621	21855
87517	2119	0	0.22	5975	21501
87555	2120	0	0.25	6797	20753
87590	2121	0	0.25	6940	20823
87629	2122	0	0.27	7308	19982
87671	2123	0	0.30	7889	18362
87718	2124	0	0.31	8026	17886
87757	2125	0	0.36	8407	15199
87795	2126	0	0.35	8721	15872
87832	2127	0	0.38	9269	15170
87870	2128	0	0.38	9855	15849
87909	2129	0	0.39	10011	15347
87947	2130	0	0.45	12099	14811
87989	2131	0	0.47	13422	15115
88026	2132	0	0.50	13435	13621
88065	2133	0	0.51	14020	13428
88101	2134	0	0.51	14338	13551
88141	2135	0	0.55	14756	11963
88180	2136	0	0.58	15189	11163
88221	2137	0	0.60	16662	11180
88260	2138	0	0.62	17490	10677
88298	2139	0	0.63	18007	10492
88343	2140	0	0.65	17888	9759
88386	2141	0	0.68	19564	9340
88427	2142	0	0.71	20175	8413
88465	2143	0	0.69	20307	9120
88503	2144	0	0.68	20116	9281
88540	2145	0	0.66	19310	9901
88579	2146	0	0.66	19630	10070
88617	2147	0	0.65	18930	10152
88656	2148	0	0.66	19231	10027
88692	2149	0	0.67	19743	9809
88732	2150	0	0.68	19769	9320
88774	2151	0	0.67	19396	9620
88812	2152	0	0.66	19606	10022
88852	2153	0	0.66	19544	10187
88890	2154	0	0.66	20232	10236
88927	2155	0	0.66	19979	10506
88963	2156	0	0.63	19902	11532
89000	2157	0	0.64	20160	11428
89038	2158	0	0.63	19791	11610
89080	2159	0	0.62	20296	12300
89116	2160	0	0.61	20111	12685
89152	2161	0	0.62	20027	12200
89190	2162	0	0.60	19727	12903
89225	2163	0	0.60	20483	13889
89262	2164	0	0.59	20508	13982
89298	2165	0	0.61	20966	13449
89334	2166	0	0.62	21245	13258
89369	2167	0	0.61	20915	13125
89410	2168	0	0.61	21393	13764
89452	2169	0	0.63	21809	12758
89496	2170	0	0.62	21890	13277
89535	2171	0	0.63	22788	13271
89574	2172	0	0.63	23348	13802
89610	2173	0	0.64	23263	13330
89646	2174	0	0.63	24149	14349
89683	2175	0	0.59	23229	16275
89719	2176	0	0.60	22742	15422
89756	2177	0	0.59	22691	15724
89794	2178	0	0.59	22404	15821
89832	2179	0	0.58	22806	16231
89868	2180	0	0.58	22602	16100
89906	2181	0	0.60	22328	15089
89942	2182	0	0.60	22116	14505
89980	2183	0	0.59	21482	14921
90021	2184	0	0.59	21448	14949
90061	2185	0	0.59	20344	14353
90099	2186	0	0.58	18450	13629
90141	2187	0	0.58	17864	12787
90178	2188	0	0.59	17551	12065
90216	2189	0	0.59	16902	11963
90252	2190	0	0.57	15994	11959
90289	2191	0	0.55	14451	11876
90329	2192	0	0.53	12970	11366
90366	2193	0	0.54	12609	10684
90401	2194	0	0.53	11995	10477
90442	2195	0	0.53	12000	10670
90485	2196	0	0.55	12192	9796
90522	2197	0	0.54	11620	9998
90561	2198	0	0.53	11066	9888
90604	2199	0	0.51	10765	10324
90640	2200	0	0.51	10794	10227
90676	2201	0	0.52	10471	9861
90713	2202	0	0.50	10275	10087
90750	2203	0	0.50	10171	10052
90786	2204	0	0.49	9093	9460
90828	2205	0	0.48	8621	9368
90864	2206	0	0.49	8550	8803
90900	2207	0	0.46	8172	9556
90935	2208	0	0.48	8316	9159
90973	2209	0	0.50	8582	8547
91013	2210	0	0.50	8074	7957
91050	2211	0	0.54	7735	6587
91091	2212	0	0.58	7756	5584
91129	2213	0	0.57	7744	5824
91167	2214	0	0.60	7798	5143
91210	2215	0	0.61	7967	5002
91252	2216	0	0.63	7778	4559
91290	2217	0	0.65	7578	4105
91327	2218	0	0.66	7542	3830
91364	2219	0	0.65	7379	3936
91401	2220	0	0.68	7351	3518
91441	2221	0	0.71	7189	2874
91478	2222	0	0.71	6860	2804
91516	2223	0	0.72	6665	2551
91553	2224	0	0.75	6685	2189
91602	2225	0	0.76	6302	1973
91637	2226	0	0.79	6226	1629
91673	2227	0	0.78	6112	1704
91711	2228	0	0.81	6222	1481
91749	2229	0	0.79	5912	1606
91786	2230	0	0.79	5044	1367
91824	2231	0	0.78	4601	1286
91860	2232	0	0.78	4171	1196
91897	2233	0	0.78	4155	1163
91934	2234	0	0.69	3985	1819
91969	2235	0	0.65	3694	1970
92007	2236	0	0.65	3810	2044
92043	2237	0	0.60	3251	2136
92085	2238	0	0.59	3437	2410
92120	2239	0	0.58	3706	2648
92163	2240	0	0.59	3971	2743
92207	2241	0	0.66	4955	2576
92244	2242	0	0.66	5618	2836
92280	2243	0	0.69	6899	3065
92323	2244	0	0.75	8412	2875
92358	2245	0	0.76	9521	2964
92394	2246	0	0.80	11186	2838
92430	2247	0	0.83	12196	2547
92466	2248	0	0.83	13855	2757
92503	2249	0	0.86	16192	2685
92542	2250	0	0.88	18821	2535
92583	2251	0	0.89	22195	2851
92621	2252	0	0.89	23568	3039
92659	2253	0	0.89	25679	3053
92698	2254	0	0.89	27276	3222
92733	2255	0	0.90	29538	3190
92770	2256	0	0.92	31601	2925
92817	2257	0	0.92	32779	2973
92863	2258	0	0.92	33907	2886
92906	2259	0	0.92	33937	2934
92951	2260	0	0.93	35474	2737
92997	2261	0	0.94	37320	2323
93043	2262	0	0.94	38041	2384
