Time(ms)	Frame	Class	Confidence	FieldArea	RoadArea
966	1	0	0.81	197509	44896
1025	2	0	0.82	200039	43388
1069	3	0	0.83	205342	42670
1116	4	0	0.83	207458	42468
1156	5	0	0.83	210517	42021
1196	6	0	0.84	215887	41371
1235	7	0	0.85	221509	38769
1271	8	0	0.85	223904	38296
1309	9	0	0.86	228283	37514
1345	10	0	0.86	234547	37601
1379	11	0	0.87	240463	36099
1413	12	0	0.89	242888	31010
1449	13	0	0.89	246332	30059
1489	14	0	0.89	251369	29709
1526	15	0	0.90	255739	29692
1563	16	0	0.90	258501	28858
1599	17	0	0.90	262042	27953
1636	18	0	0.91	265492	27264
1672	19	0	0.92	265606	24607
1707	20	0	0.92	265979	22971
1744	21	0	0.93	266677	21290
1787	22	0	0.93	266678	20757
1826	23	0	0.93	268683	18880
1863	24	0	0.94	270764	18599
1901	25	0	0.94	272288	17746
1940	26	0	0.94	270261	16803
1978	27	0	0.95	268578	15591
2016	28	0	0.95	266931	14356
2055	29	0	0.95	270645	13159
2094	30	0	0.96	270808	12531
2133	31	0	0.96	271559	11206
2176	32	0	0.96	269736	9791
2215	33	0	0.97	272048	8386
2253	34	0	0.97	274371	7492
2289	35	0	0.98	274953	5728
2328	36	0	0.99	274040	3943
2366	37	0	0.99	271948	2385
2408	38	0	0.99	266988	1675
2445	39	0	0.99	264432	1441
2483	40	0	1.00	258030	1262
2522	41	0	1.00	256269	1006
2562	42	0	1.00	249506	776
2601	43	0	1.00	241055	695
2641	44	0	1.00	236718	690
2678	45	0	1.00	230939	595
2715	46	0	1.00	225547	561
2753	47	0	1.00	221897	518
2795	48	0	1.00	217779	414
2832	49	0	1.00	214021	330
2874	50	0	1.00	206994	261
2914	51	0	1.00	201160	187
2951	52	0	1.00	197902	68
2989	53	0	1.00	193474	94
3028	54	0	1.00	187229	65
3068	55	0	1.00	179541	82
3107	56	0	1.00	172485	128
3150	57	0	1.00	168856	158
3192	58	0	1.00	164047	144
3236	59	0	1.00	158164	149
3274	60	0	1.00	149167	130
3313	61	0	1.00	140528	115
3355	62	0	1.00	134874	139
3400	63	0	1.00	130997	145
3444	64	0	1.00	125487	223
3484	65	0	1.00	118135	248
3522	66	0	1.00	113092	258
3560	67	0	1.00	105980	389
3596	68	0	1.00	101468	309
3636	69	0	1.00	99318	404
3673	70	0	0.99	92973	729
3711	71	0	0.99	89358	670
3747	72	0	0.99	87659	1144
3788	73	0	0.99	83880	1230
3826	74	0	0.99	82760	993
3865	75	0	0.98	81066	1342
3907	76	0	0.98	79438	1788
3947	77	0	0.98	76485	1775
3984	78	0	0.97	75516	2019
4023	79	0	0.97	74479	1970
4059	80	0	0.97	74336	2230
4094	81	0	0.97	73894	2663
4128	82	0	0.96	74723	2963
4162	83	0	0.96	74810	3174
4198	84	0	0.96	76827	3456
4233	85	0	0.96	75741	3353
4269	86	0	0.95	75675	3582
4306	87	0	0.95	76165	3886
4345	88	0	0.94	75916	4727
4384	89	0	0.94	74689	4795
4422	90	0	0.93	75180	5246
4458	91	0	0.93	72937	5289
4496	92	0	0.93	73488	5665
4531	93	0	0.92	75307	6145
4575	94	0	0.92	77272	6869
4617	95	0	0.91	79661	7604
4656	96	0	0.91	83876	7962
4695	97	0	0.90	85324	9907
4734	98	0	0.89	87400	10463
4774	99	0	0.89	90884	11384
4815	100	0	0.89	93708	11878
4852	101	0	0.88	96085	13027
4891	102	0	0.88	102452	14145
4933	103	0	0.88	105674	14894
4970	104	0	0.88	107603	15007
5004	105	0	0.88	107635	15281
5039	106	0	0.87	107259	15715
5076	107	0	0.87	109631	16090
5112	108	0	0.87	112217	16147
5148	109	0	0.88	116300	16175
5188	110	0	0.88	119679	15745
5226	111	0	0.89	122495	15820
5264	112	0	0.89	127008	16318
5308	113	0	0.89	130361	16873
5348	114	0	0.89	136683	17133
5388	115	0	0.89	141400	17146
5425	116	0	0.89	146690	17583
5464	117	0	0.90	150632	16942
5502	118	0	0.90	151979	17412
5539	119	0	0.90	155119	17259
5575	120	0	0.90	161045	18104
5619	121	0	0.91	168423	17672
5670	122	0	0.91	175100	18022
5716	123	0	0.91	181345	18475
5763	124	0	0.91	187147	18262
5807	125	0	0.92	195825	18095
5850	126	0	0.91	206548	19212
5896	127	0	0.92	214105	18726
5941	128	0	0.92	221679	20003
5995	129	0	0.92	229766	18994
6041	130	0	0.93	238380	18920
6082	131	0	0.93	245586	19469
6122	132	0	0.93	256307	20052
6166	133	0	0.93	263839	19811
6205	134	0	0.93	270085	20657
6247	135	0	0.93	273824	20504
6288	136	0	0.93	277859	19843
6330	137	0	0.94	283251	18721
6376	138	0	0.94	288720	18023
6415	139	0	0.95	297872	16331
6457	140	0	0.95	305974	15398
6499	141	0	0.96	312904	13873
6542	142	0	0.96	324163	12439
6582	143	0	0.97	334239	11491
6626	144	0	0.97	344265	10593
6671	145	0	0.97	356054	10112
6714	146	0	0.97	366170	9706
6757	147	0	0.98	370803	9402
6803	148	0	0.98	377801	8173
6846	149	0	0.98	383312	7407
6890	150	0	0.98	387065	7187
6934	151	0	0.98	394331	6949
6977	152	0	0.98	399043	6101
7026	153	0	0.99	405098	5443
7077	154	0	0.99	411385	5426
7125	155	0	0.99	415686	5200
7169	156	0	0.99	415001	4986
7214	157	0	0.99	421468	4339
7261	158	0	0.99	425917	3312
7308	159	0	0.99	429993	2752
7355	160	0	0.99	435619	2472
7400	161	0	0.99	437129	2716
7441	162	0	0.99	433071	2346
7485	163	0	1.00	431549	2155
7527	164	0	1.00	428923	2061
7574	165	0	1.00	426612	2098
7616	166	0	0.99	425664	2279
7659	167	0	0.99	424907	2650
7707	168	0	0.99	422761	2830
7757	169	0	0.99	419977	2610
7804	170	0	0.99	415618	2600
7855	171	0	0.99	411943	2885
7908	172	0	0.99	408140	2643
7955	173	0	0.99	406732	2335
7998	174	0	0.99	407997	2129
8042	175	0	0.99	408877	2089
8087	176	0	0.99	411914	2231
8131	177	0	0.99	411380	2421
8176	178	0	0.99	408286	2449
8219	179	0	0.99	403698	2601
8263	180	0	0.99	399186	2444
8309	181	0	0.99	394924	2184
8353	182	0	0.99	389896	2286
8399	183	0	0.99	382971	2531
8443	184	0	0.99	378783	2173
8486	185	0	0.99	374429	2025
8529	186	0	0.99	366906	1877
8572	187	0	0.99	358446	1946
8616	188	0	1.00	351676	1745
8658	189	0	1.00	345213	1353
8702	190	0	1.00	340681	1401
8748	191	0	1.00	333044	1331
8792	192	0	1.00	318301	1348
8833	193	0	1.00	307779	1336
8873	194	0	1.00	302196	1494
8917	195	0	0.99	295869	1496
8962	196	0	0.99	288778	1646
9005	197	0	0.99	280211	1776
9047	198	0	0.99	272705	2047
9090	199	0	0.99	263278	2231
9130	200	0	0.99	256243	2399
9173	201	0	0.99	249978	2539
9216	202	0	0.99	244831	3003
9258	203	0	0.98	240299	3700
9304	204	0	0.98	232005	4266
9348	205	0	0.98	229942	5300
9390	206	0	0.97	223242	7352
9435	207	0	0.96	220281	8208
9477	208	0	0.96	210720	8859
9521	209	0	0.96	207380	8682
9566	210	0	0.96	201247	9236
9609	211	0	0.95	195652	10579
9655	212	0	0.94	190352	11126
9700	213	0	0.94	186818	11373
9746	214	0	0.94	183645	12037
9794	215	0	0.93	177643	12483
9833	216	0	0.92	173044	14461
9872	217	0	0.91	169009	15832
9912	218	0	0.91	168006	16513
9952	219	0	0.91	164509	16913
9992	220	0	0.90	161187	17706
10038	221	0	0.90	160395	18814
10081	222	0	0.90	165976	19077
10125	223	0	0.89	169087	21113
10162	224	0	0.89	175259	21484
10213	225	0	0.89	179409	22723
10255	226	0	0.89	182689	23506
10298	227	0	0.89	185986	23289
10341	228	0	0.89	190901	23564
10390	229	0	0.89	189753	24423
10436	230	0	0.88	191623	24967
10487	231	0	0.88	191285	26622
10530	232	0	0.87	189391	27673
10573	233	0	0.87	191778	27473
10614	234	0	0.87	191271	28515
10661	235	0	0.86	190603	29789
10701	236	0	0.86	192047	30032
10748	237	0	0.87	193048	29688
10799	238	0	0.86	196726	31045
10850	239	0	0.86	202286	32291
10896	240	0	0.86	203576	34148
10936	241	0	0.85	206212	35029
10977	242	0	0.85	206212	35547
11015	243	0	0.86	212194	35707
11058	244	0	0.86	215986	36329
11098	245	0	0.86	221470	36527
11140	246	0	0.86	229433	37996
11185	247	0	0.86	234218	38649
11225	248	0	0.86	241448	38122
11266	249	0	0.86	250875	39271
11307	250	0	0.87	261196	39316
11347	251	0	0.87	268740	40241
11390	252	0	0.88	279602	38721
11433	253	0	0.88	283825	38870
11475	254	0	0.88	296952	39560
11518	255	0	0.88	303876	40213
11560	256	0	0.89	311594	40220
11604	257	0	0.89	320785	40185
11652	258	0	0.89	327140	40859
11701	259	0	0.89	331456	41368
11748	260	0	0.90	338360	39579
11791	261	0	0.90	337094	39507
11837	262	0	0.90	342858	38220
11879	263	0	0.90	344402	38159
11922	264	0	0.90	351425	37766
11974	265	0	0.90	352680	37751
12026	266	0	0.91	362324	35578
12079	267	0	0.91	367310	35892
12131	268	0	0.92	374419	34144
12183	269	0	0.92	376912	33482
12236	270	0	0.92	384366	33086
12287	271	0	0.92	386899	33876
12343	272	0	0.93	396192	31170
12396	273	0	0.93	397721	29742
12451	274	0	0.93	401776	29221
12505	275	0	0.93	402967	28446
12558	276	0	0.94	405530	27626
12605	277	0	0.94	407768	26154
12654	278	0	0.94	408522	25072
12697	279	0	0.94	409217	23877
12742	280	0	0.95	409972	23439
12788	281	0	0.95	409738	23706
12833	282	0	0.94	405331	24108
12881	283	0	0.94	405602	25123
12929	284	0	0.94	409997	25105
12977	285	0	0.94	409041	24799
13022	286	0	0.94	411477	24961
13069	287	0	0.94	412113	25406
13113	288	0	0.94	414028	25195
13159	289	0	0.94	410995	25594
13208	290	0	0.94	409467	25338
13255	291	0	0.94	405117	24863
13300	292	0	0.94	400597	24520
13346	293	0	0.94	395541	25559
13393	294	0	0.94	396029	24937
13441	295	0	0.94	393253	27048
13489	296	0	0.94	395995	26687
13536	297	0	0.94	396021	27115
13586	298	0	0.93	390279	28707
13631	299	0	0.93	385716	27862
13678	300	0	0.93	377432	28763
13727	301	0	0.93	372855	27601
13770	302	0	0.93	367202	28606
13816	303	0	0.93	361302	29082
13862	304	0	0.92	354263	29591
13910	305	0	0.93	349928	28165
13957	306	0	0.92	337492	28368
14002	307	0	0.93	330200	26537
14048	308	0	0.92	322035	26830
14092	309	0	0.92	317391	26218
14137	310	0	0.92	310065	26578
14184	311	0	0.92	306769	26042
14230	312	0	0.93	293374	23328
14276	313	0	0.96	252866	10956
14323	314	0	0.96	253206	10768
14371	315	0	0.96	248737	11240
14413	316	0	0.95	244458	11713
14455	317	0	0.95	239378	11695
14498	318	0	0.95	234800	11753
14546	319	0	0.95	230091	12362
14592	320	0	0.95	226756	13010
14634	321	0	0.95	221726	12778
14676	322	0	0.94	218409	12911
14719	323	0	0.94	214978	12932
14764	324	0	0.94	212180	13033
14806	325	0	0.94	206017	13435
14847	326	0	0.94	200976	13392
14888	327	0	0.94	196716	13433
14930	328	0	0.94	191391	13126
14976	329	0	0.93	186726	13172
15017	330	0	0.93	182676	12948
15057	331	0	0.93	176498	13224
15100	332	0	0.93	170240	13224
15143	333	0	0.92	164267	13351
15182	334	0	0.93	162491	12798
15222	335	0	0.93	159650	12602
15264	336	0	0.93	156646	12297
15306	337	0	0.93	151797	12060
15346	338	0	0.93	145888	11767
15385	339	0	0.93	142927	11220
15425	340	0	0.92	139370	11384
15465	341	0	0.92	137300	11382
15505	342	0	0.92	135483	11383
15544	343	0	0.93	135912	11013
15583	344	0	0.92	132248	11395
15624	345	0	0.92	129465	11322
15665	346	0	0.92	126542	11343
15704	347	0	0.92	125041	11578
15744	348	0	0.92	124017	11107
15783	349	0	0.91	121761	11561
15822	350	0	0.91	119822	11926
15862	351	0	0.91	115860	11879
15899	352	0	0.90	111240	12103
15938	353	0	0.89	105744	12409
15980	354	0	0.89	100465	12971
16026	355	0	0.88	97732	12912
16070	356	0	0.88	95558	13630
16112	357	0	0.87	94318	14107
16152	358	0	0.86	92398	14462
16192	359	0	0.86	91199	14812
16242	360	0	0.86	88745	14342
16288	361	0	0.86	86513	14671
16329	362	0	0.85	86544	15088
16375	363	0	0.84	87701	17114
16415	364	0	0.82	86479	18960
16456	365	0	0.82	82456	18145
16500	366	0	0.81	79101	18936
16542	367	0	0.80	75943	19148
16583	368	0	0.79	73508	19719
16624	369	0	0.77	71882	21141
16664	370	0	0.75	69990	23044
16703	371	0	0.74	67217	24105
16742	372	0	0.72	63859	24747
16783	373	0	0.71	62575	25715
16821	374	0	0.68	58314	27534
16861	375	0	0.67	57361	28761
16896	376	0	0.64	55014	30627
16931	377	0	0.64	54019	30834
16967	378	0	0.63	54018	32113
17004	379	0	0.61	53683	34017
17040	380	0	0.59	51754	35376
17075	381	0	0.58	50091	36440
17111	382	0	0.58	49435	35806
17146	383	0	0.56	47968	37102
17181	384	0	0.56	48052	37808
17217	385	0	0.55	47253	39413
17255	386	0	0.54	46949	39913
17293	387	0	0.54	46392	39971
17330	388	0	0.53	46189	40316
17372	389	0	0.52	46328	42297
17412	390	0	0.52	46758	42788
17452	391	0	0.50	46809	45920
17486	392	0	0.51	47739	46164
17521	393	0	0.50	48118	47580
17555	394	0	0.51	48995	47668
17588	395	0	0.51	50420	49275
17622	396	0	0.49	49852	52702
17655	397	0	0.47	51524	57139
17691	398	0	0.46	51413	61468
17728	399	0	0.45	53368	66261
17762	400	0	0.44	55814	70479
17799	401	0	0.43	56623	76365
17835	402	0	0.42	57206	80272
17870	403	0	0.40	56931	86718
17909	404	0	0.40	59016	87757
17947	405	0	0.40	59525	90990
17986	406	0	0.37	58658	98605
18021	407	0	0.35	58073	107295
18059	408	0	0.34	60522	116675
18095	409	0	0.33	61929	126903
18130	410	0	0.32	62472	135842
18164	411	0	0.31	63693	145092
18201	412	0	0.29	64430	154279
18240	413	0	0.28	65018	163312
18281	414	0	0.28	65120	167398
18319	415	0	0.27	65167	172168
18358	416	0	0.27	65034	177178
18396	417	0	0.26	65397	183111
18432	418	0	0.25	65231	191798
18467	419	0	0.25	65791	199482
18504	420	1	0.76	65407	208528
18547	421	1	0.77	64693	218313
18589	422	1	0.78	64425	228840
18634	423	1	0.79	64137	234893
18677	424	1	0.80	62929	246247
18719	425	1	0.81	61872	261047
18766	426	1	0.81	61371	269106
18812	427	1	0.82	60158	277510
18854	428	1	0.83	59475	285065
18897	429	1	0.83	59771	290204
18941	430	1	0.83	61087	292719
18991	431	1	0.83	62016	296855
19037	432	1	0.82	61155	283810
19091	433	1	0.82	62244	288352
19140	434	1	0.83	61094	289108
19186	435	1	0.83	60954	291965
19232	436	1	0.83	60814	295119
19276	437	1	0.83	60823	297905
19320	438	1	0.83	60178	300010
19365	439	1	0.83	59855	300377
19410	440	1	0.83	59619	298906
19455	441	1	0.83	58518	295013
19508	442	1	0.83	58220	292065
19557	443	1	0.83	57542	289194
19604	444	1	0.83	56718	284654
19652	445	1	0.83	56594	281621
19698	446	1	0.84	55835	282576
19743	447	1	0.84	54936	282678
19787	448	1	0.84	53936	281408
19832	449	1	0.84	53208	284151
19879	450	1	0.85	51983	290522
19922	451	1	0.85	50563	292389
19966	452	1	0.86	48340	293305
20011	453	1	0.86	46850	293278
20054	454	1	0.86	45660	290619
20100	455	1	0.88	41353	292403
20147	456	1	0.89	37902	292892
20192	457	1	0.89	35352	293100
20239	458	1	0.90	32786	291146
20284	459	1	0.91	30187	290159
20327	460	1	0.91	26987	289126
20370	461	1	0.92	25263	291943
20417	462	1	0.93	22992	291475
20462	463	1	0.93	21292	294039
20507	464	1	0.94	19808	292733
20550	465	1	0.94	18291	292509
20594	466	1	0.94	17311	288846
20637	467	1	0.95	14174	276923
20685	468	1	0.95	14439	275066
20731	469	1	0.95	13906	269327
20780	470	1	0.96	12447	266148
20828	471	1	0.96	11240	263744
20881	472	1	0.96	10269	261394
20927	473	1	0.96	10141	259528
20971	474	1	0.96	10358	256881
21014	475	1	0.96	9663	253251
21059	476	1	0.96	9648	248239
21102	477	1	0.96	9460	245513
21150	478	1	0.96	9033	244834
21197	479	1	0.97	8620	242327
21241	480	1	0.97	8351	241088
21287	481	1	0.97	8529	239097
21330	482	1	0.97	8056	237666
21375	483	1	0.97	7603	239636
21417	484	1	0.97	7444	241164
21462	485	1	0.97	7381	243851
21516	486	1	0.97	7200	244735
21561	487	1	0.98	6313	247588
21606	488	1	0.98	5937	247376
21649	489	1	0.98	5254	247772
21693	490	1	0.98	4742	250108
21734	491	1	0.98	4269	250301
21778	492	1	0.99	3452	247101
21821	493	1	0.99	3051	249373
21865	494	1	0.99	2849	248769
21912	495	1	0.99	2330	247471
21961	496	1	0.99	2118	246078
22006	497	1	0.99	2081	242772
22051	498	1	0.99	1961	241300
22095	499	1	0.99	1864	235707
22140	500	1	0.99	1869	231794
22185	501	1	0.99	1931	225895
22227	502	1	0.99	1665	225819
22268	503	1	0.99	1690	224542
22309	504	1	0.99	1713	217884
22349	505	1	0.99	1667	215134
22389	506	1	0.99	1846	211533
22430	507	1	0.99	1790	211154
22472	508	1	0.99	1477	208049
22514	509	0	0.01	1785	204323
22552	510	0	0.01	1638	198131
22593	511	0	0.01	1619	193037
22626	512	0	0.01	1543	187301
22663	513	0	0.01	1538	181661
22700	514	0	0.01	1323	178657
22737	515	0	0.01	1462	179197
22772	516	0	0.01	1345	176595
22811	517	0	0.01	1138	173976
22850	518	0	0.01	1056	173400
22886	519	0	0.01	1056	169357
22924	520	0	0.01	942	165979
22957	521	0	0.01	988	164995
22988	522	0	0.01	1202	152604
23021	523	0	0.01	1024	150429
23055	524	0	0.01	1006	147234
23090	525	0	0.01	924	144076
23122	526	0	0.01	998	142958
23154	527	0	0.01	934	141784
23186	528	0	0.01	1013	142418
23222	529	0	0.01	1026	142190
23256	530	0	0.01	881	142989
23287	531	0	0.01	993	143294
23319	532	0	0.01	1085	143616
23351	533	0	0.01	1156	143638
23383	534	0	0.01	1015	142093
23415	535	0	0.01	919	139637
23448	536	0	0.01	797	137659
23483	537	0	0.01	809	135141
23517	538	0	0.01	847	132802
23554	539	0	0.01	887	129170
23592	540	0	0.01	849	125570
23631	541	0	0.01	934	121889
23668	542	0	0.01	955	118734
23702	543	0	0.01	898	115399
23737	544	0	0.01	999	111687
23771	545	0	0.01	924	107817
23806	546	0	0.01	1224	105846
23843	547	0	0.01	1241	102862
23874	548	0	0.01	1302	100758
23909	549	0	0.01	1117	100239
23943	550	0	0.01	1311	100260
23975	551	0	0.01	1043	98541
24008	552	0	0.01	1054	99560
24040	553	0	0.01	1035	97214
24072	554	0	0.01	1100	96662
24104	555	0	0.01	895	92624
24136	556	0	0.01	822	89598
24172	557	0	0.01	920	85544
24206	558	0	0.01	912	83816
24239	559	0	0.01	1036	81430
24277	560	0	0.01	996	78503
24314	561	0	0.01	918	75619
24347	562	0	0.01	854	72388
24380	563	0	0.01	761	70233
24413	564	0	0.01	856	65794
24446	565	0	0.01	859	62293
24479	566	0	0.01	784	59461
24511	567	0	0.02	872	56778
24544	568	0	0.02	856	53464
24578	569	0	0.01	783	51556
24614	570	0	0.02	804	49060
24647	571	0	0.02	952	47995
24684	572	0	0.02	1047	46327
24717	573	0	0.02	1095	43695
24753	574	0	0.03	1139	43209
24785	575	0	0.03	1204	41906
24817	576	0	0.03	1187	41454
24850	577	0	0.03	1345	39366
24883	578	0	0.03	1381	38247
24916	579	0	0.03	1346	37527
24954	580	0	0.03	1106	36481
24994	581	0	0.03	1092	35931
25030	582	0	0.03	1258	35986
25069	583	0	0.03	1281	37382
25104	584	0	0.03	1275	35806
25141	585	0	0.03	1250	35018
25174	586	0	0.03	1204	35155
25210	587	0	0.04	1312	34438
25244	588	0	0.04	1200	33061
25283	589	0	0.03	1188	32921
25323	590	0	0.04	1213	32798
25356	591	0	0.04	1269	32004
25391	592	0	0.04	1250	30243
25426	593	0	0.04	1247	29040
25463	594	0	0.05	1355	28498
25495	595	0	0.04	1246	27975
25532	596	0	0.05	1329	26875
25565	597	0	0.05	1556	27343
25596	598	0	0.06	1658	26992
25629	599	0	0.06	1589	25907
25667	600	0	0.06	1555	25413
25699	601	0	0.06	1604	25843
25730	602	0	0.06	1643	26486
25762	603	0	0.07	1865	26232
25797	604	0	0.07	1801	25778
25829	605	0	0.06	1781	26543
25862	606	0	0.06	1646	26956
25897	607	0	0.06	1610	27544
25930	608	0	0.06	1678	26719
25962	609	0	0.05	1549	26865
25996	610	0	0.05	1499	27832
26032	611	0	0.06	1570	26820
26063	612	0	0.06	1682	27487
26098	613	0	0.05	1605	28790
26133	614	0	0.05	1601	28824
26166	615	0	0.05	1478	29440
26198	616	0	0.05	1734	30361
26233	617	0	0.05	1711	30911
26264	618	0	0.05	1604	31117
26296	619	0	0.04	1261	29763
26328	620	0	0.04	1246	28553
26361	621	0	0.04	1240	29116
26393	622	0	0.04	1258	28878
26425	623	0	0.04	1205	29981
26458	624	0	0.04	1201	32102
26493	625	0	0.04	1331	32842
26525	626	0	0.04	1313	34435
26557	627	0	0.04	1511	33433
26589	628	0	0.04	1399	32568
26623	629	0	0.04	1514	32582
26656	630	0	0.05	1525	31641
26693	631	0	0.04	1464	31844
26726	632	0	0.04	1393	32588
26759	633	0	0.05	1750	32873
26792	634	0	0.05	1714	33721
26826	635	0	0.04	1612	34241
26858	636	0	0.04	1454	34255
26892	637	0	0.04	1357	33490
26923	638	0	0.03	1137	34293
26955	639	0	0.03	1068	34718
26991	640	0	0.03	1109	35206
27031	641	0	0.03	1047	35353
27066	642	0	0.03	1175	34335
27098	643	0	0.03	1274	35571
27130	644	0	0.03	1099	36090
27164	645	0	0.04	1364	35965
27201	646	0	0.04	1402	37000
27239	647	0	0.04	1630	37491
27271	648	0	0.04	1455	36446
27305	649	0	0.04	1367	35565
27339	650	0	0.04	1538	37379
27373	651	0	0.04	1504	38279
27414	652	0	0.04	1499	38091
27446	653	0	0.04	1401	37436
27480	654	0	0.04	1410	37956
27513	655	0	0.03	1314	38854
27547	656	0	0.03	1267	37854
27580	657	0	0.03	1219	39536
27615	658	0	0.03	1228	39415
27653	659	0	0.03	1214	41008
27689	660	0	0.03	1108	42141
27724	661	0	0.03	1089	42427
27760	662	0	0.03	1101	42401
27802	663	0	0.02	1077	43642
27836	664	0	0.03	1216	43726
27874	665	0	0.03	1178	43546
27908	666	0	0.03	1248	43466
27943	667	0	0.03	1231	44351
27979	668	0	0.03	1329	43704
28011	669	0	0.03	1338	43389
28046	670	0	0.03	1340	44947
28083	671	0	0.03	1213	46498
28117	672	0	0.03	1399	46457
28152	673	0	0.03	1362	48241
28185	674	0	0.03	1264	48656
28218	675	0	0.02	1214	49549
28254	676	0	0.02	1089	52108
28289	677	0	0.02	1034	51817
28322	678	0	0.02	1003	54832
28355	679	0	0.02	882	56103
28388	680	0	0.01	855	56784
28424	681	0	0.01	830	58998
28461	682	0	0.02	940	60997
28498	683	0	0.02	948	60826
28532	684	0	0.02	961	61830
28565	685	0	0.02	1162	63035
28605	686	0	0.02	1095	62714
28647	687	0	0.02	1091	62493
28682	688	0	0.02	1208	63060
28718	689	0	0.02	1193	62926
28766	690	0	0.02	1252	61927
28802	691	0	0.02	1190	61787
28838	692	0	0.02	1055	61336
28871	693	0	0.01	934	61789
28904	694	0	0.02	1167	62079
28939	695	0	0.01	941	62690
28974	696	0	0.01	877	62705
29011	697	0	0.01	868	62736
29045	698	0	0.02	969	62241
29079	699	0	0.01	945	63025
29115	700	0	0.01	850	62656
29149	701	0	0.01	904	63373
29182	702	0	0.02	1103	62660
29216	703	0	0.02	955	62549
29250	704	0	0.01	926	62994
29288	705	0	0.02	998	63892
29321	706	0	0.02	1072	63826
29355	707	0	0.02	1030	63439
29388	708	0	0.01	953	64683
29421	709	0	0.02	1055	65607
29456	710	0	0.01	955	67214
29488	711	0	0.01	973	66488
29521	712	0	0.01	1004	67412
29557	713	0	0.01	990	68022
29591	714	0	0.02	1048	68049
29623	715	0	0.02	1138	68189
29657	716	0	0.02	1241	67205
29691	717	0	0.02	1585	66730
29726	718	0	0.03	1829	66700
29761	719	0	0.03	2292	67495
29803	720	0	0.04	2481	68300
29838	721	0	0.04	2781	69720
29870	722	0	0.04	3044	70488
29903	723	0	0.04	3273	69539
29936	724	0	0.05	3300	69365
29969	725	0	0.05	3579	70306
30003	726	0	0.05	3895	70190
30036	727	0	0.06	4337	70044
30071	728	0	0.06	4680	69373
30105	729	0	0.06	4732	70951
30146	730	0	0.06	4922	70852
30183	731	0	0.07	5214	70428
30218	732	0	0.08	6653	72049
30257	733	0	0.08	6366	71328
30294	734	0	0.08	6647	73173
30328	735	0	0.09	6979	74151
30363	736	0	0.10	7931	75224
30396	737	0	0.09	7998	76472
30434	738	0	0.10	8289	75452
30474	739	0	0.10	8813	77135
30512	740	0	0.11	9384	78158
30541	741	0	0.11	9582	79416
30577	742	0	0.11	9596	79594
30611	743	0	0.11	9694	79027
30646	744	0	0.11	9789	78653
30682	745	0	0.11	9858	78911
30718	746	0	0.11	10088	78424
30752	747	0	0.12	10845	78305
30786	748	0	0.12	11027	78585
30823	749	0	0.13	11120	77483
30859	750	0	0.13	11438	77111
30893	751	0	0.13	11809	77824
30929	752	0	0.14	12340	78902
30967	753	0	0.14	12810	78143
31002	754	0	0.14	12655	75228
31036	755	0	0.15	13188	75481
31072	756	0	0.15	13391	74086
31107	757	0	0.16	13257	71377
31146	758	0	0.17	13763	69572
31184	759	0	0.17	14008	69278
31216	760	0	0.18	14881	66748
31248	761	0	0.19	14964	65675
31280	762	0	0.19	16096	67245
31313	763	0	0.19	15165	66799
31347	764	0	0.19	15725	66202
31384	765	0	0.20	15981	65721
31420	766	0	0.20	15721	64811
31454	767	0	0.20	15862	64339
31497	768	0	0.19	16052	67106
31538	769	0	0.20	16412	65655
31576	770	0	0.21	17400	64963
31616	771	0	0.19	16532	71916
31649	772	0	0.21	18001	69313
31684	773	0	0.21	17812	68788
31716	774	0	0.21	17863	67430
31750	775	0	0.21	17844	67914
31783	776	0	0.21	18090	67975
31814	777	0	0.22	18627	67652
31852	778	0	0.22	18480	66705
31889	779	0	0.22	18624	67093
31927	780	0	0.22	19026	67456
31963	781	0	0.22	19151	69148
31999	782	0	0.22	19047	68633
32033	783	0	0.23	20353	68730
32068	784	0	0.24	21224	68595
32113	785	0	0.23	21365	70785
32147	786	0	0.23	21441	70359
32186	787	0	0.23	21592	72744
32223	788	0	0.23	22102	73606
32258	789	0	0.24	22767	73313
32291	790	0	0.25	23814	72591
32325	791	0	0.25	24050	72183
32358	792	0	0.25	24859	76497
32392	793	0	0.24	24113	76138
32426	794	0	0.26	25379	73809
32460	795	0	0.25	24855	73609
32495	796	0	0.26	25344	73303
32531	797	0	0.25	25147	73734
32567	798	0	0.26	25454	72652
32599	799	0	0.26	25528	71992
32632	800	0	0.26	25553	71565
32667	801	0	0.26	25368	72000
32700	802	0	0.26	25921	72157
32735	803	0	0.27	26072	70729
32768	804	0	0.27	26028	69943
32802	805	0	0.27	26026	68908
32836	806	0	0.27	25816	69245
32870	807	0	0.27	25622	69106
32902	808	0	0.27	26326	69904
32935	809	0	0.28	27161	70443
32969	810	0	0.28	26981	69683
33003	811	0	0.28	27239	70309
33039	812	0	0.28	27515	69293
33071	813	0	0.29	27205	67511
33107	814	0	0.29	27693	67009
33140	815	0	0.29	27825	67214
33173	816	0	0.30	27740	65907
33213	817	0	0.30	28212	65308
33251	818	0	0.31	28460	63577
33292	819	0	0.31	28667	64712
33328	820	0	0.31	28505	63846
33365	821	0	0.32	28562	61668
33402	822	0	0.31	29084	65394
33438	823	0	0.31	28955	65607
33475	824	0	0.31	28520	62684
33508	825	0	0.31	27960	61479
33542	826	0	0.32	27777	60009
33584	827	0	0.32	28228	60780
33623	828	0	0.32	28306	59341
33661	829	0	0.32	28157	60217
33698	830	0	0.32	27478	58454
33732	831	0	0.32	27281	57043
33768	832	0	0.32	26843	56813
33802	833	0	0.32	26354	56175
33841	834	0	0.32	25857	55637
33876	835	0	0.32	25322	54612
33915	836	0	0.32	24574	52777
33952	837	0	0.31	23977	52717
33988	838	0	0.31	23659	52937
34026	839	0	0.31	23079	52429
34062	840	0	0.30	22038	51515
34106	841	0	0.29	21053	50696
34142	842	0	0.29	20679	49954
34179	843	0	0.29	19993	49973
34214	844	0	0.29	19749	48112
34253	845	0	0.29	19464	48388
34288	846	0	0.29	19025	47500
34321	847	0	0.27	17798	47593
34354	848	0	0.26	16911	47715
34389	849	0	0.26	16149	46332
34422	850	0	0.26	16328	46097
34456	851	0	0.26	15780	45188
34490	852	0	0.21	13312	50060
34524	853	0	0.21	12724	49024
34556	854	0	0.21	12527	47565
34590	855	0	0.20	12105	47789
34626	856	0	0.19	11263	47779
34662	857	0	0.18	10482	47381
34695	858	0	0.16	9278	49459
34729	859	0	0.14	8258	50297
34763	860	0	0.13	7990	51460
34797	861	0	0.12	6936	51305
34833	862	0	0.11	6582	51668
34870	863	0	0.11	6075	50882
34908	864	0	0.10	5435	51522
34946	865	0	0.09	5096	52425
34988	866	0	0.08	4508	51315
35030	867	0	0.08	4254	51062
35068	868	0	0.07	4012	49880
35108	869	0	0.06	3179	48647
35144	870	0	0.05	2627	47186
35180	871	0	0.05	2493	46989
35218	872	0	0.05	2433	48340
35252	873	0	0.04	2282	48607
35293	874	0	0.04	2135	48513
35332	875	0	0.03	1519	48496
35370	876	0	0.03	1320	47831
35404	877	0	0.03	1271	47397
35436	878	0	0.02	1140	47169
35470	879	0	0.02	1004	48146
35502	880	0	0.02	1001	47191
35539	881	0	0.02	868	46535
35571	882	0	0.02	792	45520
35603	883	0	0.02	903	44913
35640	884	0	0.02	773	43874
35676	885	0	0.02	793	42839
35710	886	0	0.02	869	42396
35741	887	0	0.02	854	41776
35777	888	0	0.01	616	40892
35811	889	0	0.01	511	40885
35845	890	0	0.01	598	40571
35878	891	0	0.02	852	38742
35910	892	0	0.02	804	38482
35943	893	0	0.02	690	38034
35979	894	0	0.02	832	37657
36020	895	0	0.03	1106	37129
36065	896	0	0.03	1009	37828
36099	897	0	0.03	1021	36086
36136	898	0	0.02	854	34210
36168	899	0	0.03	914	34742
36200	900	0	0.03	930	33787
36232	901	0	0.03	942	33851
36265	902	0	0.03	968	33825
36303	903	0	0.03	959	32793
36343	904	0	0.03	942	32710
36382	905	0	0.03	965	33504
36419	906	0	0.03	960	33257
36453	907	0	0.03	966	33053
36491	908	0	0.03	913	31847
36525	909	0	0.03	1120	33017
36560	910	0	0.04	1373	33381
36593	911	0	0.05	1629	32746
36625	912	0	0.05	1625	34165
36664	913	0	0.05	1786	34862
36712	914	0	0.04	1523	34985
36747	915	0	0.05	1669	34703
36780	916	0	0.04	1606	34373
36814	917	0	0.05	1619	34268
36846	918	0	0.04	1539	33659
36880	919	0	0.05	1809	33623
36912	920	0	0.06	2174	33216
36948	921	0	0.06	2103	33266
36981	922	0	0.06	2149	32217
37014	923	0	0.05	1970	40601
37047	924	0	0.06	2382	39242
37084	925	0	0.06	2625	39163
37119	926	0	0.07	2833	39051
37154	927	0	0.08	3302	38848
37188	928	0	0.09	3803	37769
37224	929	0	0.13	5513	38019
37262	930	0	0.19	8752	36724
37296	931	0	0.22	10170	36732
37329	932	0	0.25	11844	36236
37361	933	0	0.26	12638	35173
37396	934	0	0.30	14785	34452
37429	935	0	0.32	15865	33573
37463	936	0	0.33	15737	32439
37498	937	0	0.33	16002	32497
37533	938	0	0.34	16422	32530
37566	939	0	0.35	16575	31379
37600	940	0	0.37	17550	30112
37634	941	0	0.37	17417	29229
37669	942	0	0.38	17232	28293
37702	943	0	0.43	21079	27810
37739	944	0	0.42	19772	27180
37771	945	0	0.44	21197	26523
37806	946	0	0.45	20957	25459
37842	947	0	0.46	21094	24759
37876	948	0	0.46	20980	25008
37911	949	0	0.47	21777	24283
37945	950	0	0.48	21544	23434
37978	951	0	0.49	22266	23094
38013	952	0	0.51	23556	22491
38046	953	0	0.52	24125	22397
38084	954	0	0.53	24960	22117
38117	955	0	0.54	25847	21785
38150	956	0	0.55	26149	21823
38183	957	0	0.56	27171	21065
38217	958	0	0.58	28666	20459
38252	959	0	0.59	29483	20550
38286	960	0	0.60	30120	20254
38321	961	0	0.60	30170	20213
38356	962	0	0.60	30757	20507
38390	963	0	0.62	31880	19588
38431	964	0	0.62	32533	20065
38467	965	0	0.63	33507	19841
38504	966	0	0.63	33435	19341
38541	967	0	0.63	33945	19896
38576	968	0	0.63	34626	19982
38613	969	0	0.65	34356	18651
38648	970	0	0.64	35130	19479
38689	971	0	0.65	35651	18780
38725	972	0	0.65	35395	18812
38767	973	0	0.68	38262	17942
38803	974	0	0.68	36923	17776
38845	975	0	0.68	36960	17655
38880	976	0	0.69	36965	16425
38918	977	0	0.70	37852	15875
38954	978	0	0.69	37316	16661
38990	979	0	0.70	37925	15977
39026	980	0	0.71	37924	15449
39062	981	0	0.73	37354	13926
39097	982	0	0.73	37896	14104
39131	983	0	0.73	37862	14095
39167	984	0	0.73	37363	13650
39206	985	0	0.74	37412	13095
39241	986	0	0.75	37426	12287
39274	987	0	0.76	37005	11784
39314	988	0	0.77	37345	11200
39351	989	0	0.77	37954	11203
39387	990	0	0.78	38429	10709
39421	991	0	0.80	38968	9866
39462	992	0	0.80	39372	10030
39503	993	0	0.80	39587	9623
39540	994	0	0.81	39923	9442
39575	995	0	0.81	40447	9491
39608	996	0	0.82	40857	9141
39645	997	0	0.83	41731	8708
39683	998	0	0.83	43065	8867
39719	999	0	0.83	43426	9029
39755	1000	0	0.83	42982	8674
39791	1001	0	0.84	42080	7878
39828	1002	0	0.83	41221	8257
39863	1003	0	0.84	42292	8090
39900	1004	0	0.85	41009	7503
39935	1005	0	0.84	40823	7560
39970	1006	0	0.85	40230	7372
40006	1007	0	0.85	40415	7319
40041	1008	0	0.86	39557	6408
40078	1009	0	0.87	40969	5944
40115	1010	0	0.88	41142	5500
40151	1011	0	0.88	39806	5179
40186	1012	0	0.90	40996	4500
40221	1013	0	0.91	40595	4136
40255	1014	0	0.90	40841	4760
40290	1015	0	0.90	39664	4364
40324	1016	0	0.91	39420	4040
40358	1017	0	0.92	38832	3366
40397	1018	0	0.91	37769	3750
40433	1019	0	0.91	37785	3533
40470	1020	0	0.91	37334	3507
40509	1021	0	0.91	39276	3832
40545	1022	0	0.91	39791	3978
40579	1023	0	0.91	38566	3599
40613	1024	0	0.91	39297	3810
40650	1025	0	0.91	39246	3914
40689	1026	0	0.90	36964	4024
40726	1027	0	0.90	36823	3946
40766	1028	0	0.90	34824	3694
40800	1029	0	0.91	35865	3497
40838	1030	0	0.90	34777	3671
40881	1031	0	0.92	35534	3233
40915	1032	0	0.92	34671	3111
40949	1033	0	0.91	34832	3536
40984	1034	0	0.91	33549	3315
41019	1035	0	0.90	32418	3615
41054	1036	0	0.89	30567	3639
41089	1037	0	0.88	31542	4432
41124	1038	0	0.87	30005	4557
41158	1039	0	0.85	26608	4598
41198	1040	0	0.84	26553	5229
41236	1041	0	0.82	24231	5420
41275	1042	0	0.82	25188	5445
41314	1043	0	0.82	24624	5519
41350	1044	0	0.81	24490	5883
41386	1045	0	0.80	23637	5924
41425	1046	0	0.79	24599	6592
41462	1047	0	0.79	24734	6732
41501	1048	0	0.78	24135	6937
41541	1049	0	0.79	26504	6886
41578	1050	0	0.77	26698	7761
41616	1051	0	0.78	28043	7917
41654	1052	0	0.77	28212	8356
41687	1053	0	0.78	27627	7967
41721	1054	0	0.75	28065	9112
41766	1055	0	0.77	29243	8923
41802	1056	0	0.75	29513	10008
41839	1057	0	0.73	29959	11003
41878	1058	0	0.72	30028	11857
41916	1059	0	0.69	30157	13641
41951	1060	0	0.68	31087	14965
41989	1061	0	0.65	30557	16438
42024	1062	0	0.62	30879	18882
42063	1063	0	0.60	32739	21597
42102	1064	0	0.56	31633	24444
42138	1065	0	0.54	32896	27551
42173	1066	0	0.51	32297	31223
42209	1067	0	0.47	31869	35725
42246	1068	0	0.44	31707	40797
42282	1069	0	0.41	31324	45189
42321	1070	0	0.38	31391	51440
42359	1071	0	0.35	30956	57404
42396	1072	0	0.32	30405	64288
42430	1073	0	0.30	30600	71153
42466	1074	0	0.28	30166	78611
42506	1075	0	0.26	30121	86004
42539	1076	0	0.24	29444	94123
42578	1077	0	0.19	25767	106679
42613	1078	0	0.18	25858	116322
42647	1079	0	0.16	24217	126635
42680	1080	0	0.15	23346	136675
42714	1081	0	0.13	22410	147090
42747	1082	0	0.12	21325	158384
42780	1083	0	0.11	20717	168693
42814	1084	0	0.10	19903	180699
42849	1085	0	0.09	19279	192518
42887	1086	0	0.09	20933	205921
42927	1087	1	0.92	19402	219835
42960	1088	1	0.92	20174	232568
42993	1089	1	0.93	18927	246207
43026	1090	1	0.93	18387	260566
43061	1091	1	0.93	19763	276264
43095	1092	1	0.94	20050	291365
43129	1093	1	0.94	19110	307613
43162	1094	1	0.95	18803	323881
43195	1095	1	0.95	18830	341360
43228	1096	1	0.95	18561	358397
43265	1097	1	0.95	18046	375012
43299	1098	1	0.96	16844	393262
43332	1099	1	0.96	16116	410022
43364	1100	1	0.97	15082	428853
43397	1101	1	0.97	14060	447680
43430	1102	1	0.97	13710	466867
43468	1103	1	0.97	13727	486240
43501	1104	1	0.98	12846	506100
43533	1105	1	0.98	12584	525018
43568	1106	1	0.98	11729	544436
43601	1107	1	0.98	11145	564338
43634	1108	1	0.98	10547	583219
43668	1109	1	0.98	9274	602082
43700	1110	1	0.99	8497	621954
43734	1111	1	0.99	8335	640832
43768	1112	1	0.99	8045	660312
43801	1113	1	0.99	7975	678109
43835	1114	1	0.99	7897	696689
43869	1115	1	0.99	7662	713525
43904	1116	1	0.99	7439	730988
43940	1117	1	0.99	7496	748309
43977	1118	1	0.99	7475	763730
44012	1119	1	0.99	7263	779700
44050	1120	1	0.99	6594	794006
44085	1121	1	0.99	6109	808599
44122	1122	1	0.99	5544	823056
44161	1123	1	0.99	5773	830970
44201	1124	1	0.99	4831	844782
44236	1125	1	1.00	3837	858520
44275	1126	1	1.00	3623	872244
44317	1127	1	1.00	3136	885103
44354	1128	1	1.00	2337	897130
44391	1129	1	1.00	2355	909635
44429	1130	1	1.00	2440	921860
44467	1131	1	1.00	2315	933902
44507	1132	1	1.00	1911	945226
44545	1133	1	1.00	1755	954978
44585	1134	1	1.00	1604	966408
44623	1135	1	1.00	1745	977719
44667	1136	1	1.00	1887	989361
44705	1137	1	1.00	1843	1001333
44742	1138	1	1.00	1828	1012752
44780	1139	1	1.00	1957	1022350
44819	1140	1	1.00	1841	1032206
44856	1141	1	1.00	2110	1040420
44895	1142	1	1.00	2217	1046131
44933	1143	1	1.00	2042	1054511
44974	1144	1	1.00	1913	1060388
45016	1145	1	1.00	1828	1069309
45055	1146	1	1.00	1784	1073086
45095	1147	1	1.00	1830	1077278
45134	1148	1	1.00	1980	1080439
45174	1149	1	1.00	1961	1082757
45215	1150	1	1.00	1930	1082906
45254	1151	1	1.00	1959	1077379
45293	1152	1	1.00	1686	1078295
45333	1153	1	1.00	1553	1044969
45375	1154	1	1.00	1434	1053643
45416	1155	1	1.00	1430	1057245
45455	1156	1	1.00	1332	1060114
45495	1157	1	1.00	1311	1064215
45536	1158	1	1.00	1112	1067492
45580	1159	1	1.00	1069	1058136
45622	1160	1	1.00	1113	1054693
45667	1161	1	1.00	1032	1054326
45709	1162	1	1.00	1071	1048975
45750	1163	1	1.00	1268	1043761
45791	1164	1	1.00	1300	1037753
45832	1165	1	1.00	1158	1030399
45870	1166	1	1.00	1126	1021149
45910	1167	1	1.00	732	1018772
45951	1168	1	1.00	734	1012208
45990	1169	1	1.00	677	1006872
46035	1170	1	1.00	598	1002075
46075	1171	1	1.00	686	988971
46114	1172	1	1.00	764	981226
46152	1173	1	1.00	426	975101
46191	1174	1	1.00	444	949325
46232	1175	1	1.00	400	939660
46273	1176	1	1.00	381	933320
46320	1177	1	1.00	511	922494
46363	1178	1	1.00	497	914180
46404	1179	1	1.00	421	906012
46442	1180	1	1.00	470	882622
46483	1181	1	1.00	471	865614
46521	1182	1	1.00	388	846354
46563	1183	1	1.00	369	776593
46604	1184	1	1.00	226	782105
46644	1185	1	1.00	63	788787
46686	1186	1	1.00	45	780478
46731	1187	1	1.00	81	778480
46775	1188	1	1.00	97	775004
46816	1189	1	1.00	112	757733
46860	1190	1	1.00	102	745164
46900	1191	1	1.00	135	732110
46937	1192	1	1.00	85	710576
46974	1193	1	1.00	65	695456
47011	1194	1	1.00	29	682239
47053	1195	1	1.00	40	667973
47096	1196	1	1.00	75	655474
47134	1197	1	1.00	80	651174
47174	1198	1	1.00	50	636703
47212	1199	1	1.00	24	622196
47250	1200	1	1.00	53	618320
47290	1201	1	1.00	23	603669
47331	1202	1	1.00	14	585333
47371	1203	1	1.00	21	572554
47417	1204	1	1.00	155	549888
47457	1205	1	1.00	84	533356
47500	1206	1	1.00	96	517138
47540	1207	1	1.00	152	506281
47580	1208	1	1.00	151	488235
47621	1209	1	1.00	139	477699
47662	1210	1	1.00	140	461551
47701	1211	1	1.00	108	452382
47745	1212	1	1.00	107	443392
47786	1213	1	1.00	196	415634
47824	1214	1	1.00	246	409578
47862	1215	1	1.00	247	401778
47901	1216	1	1.00	296	388927
47938	1217	1	1.00	347	373529
47981	1218	1	1.00	298	358078
48020	1219	1	1.00	348	335280
48062	1220	1	1.00	312	315249
48101	1221	1	1.00	393	301952
48139	1222	1	1.00	360	286256
48181	1223	1	1.00	391	271252
48219	1224	1	1.00	351	260107
48259	1225	1	1.00	320	249659
48298	1226	1	1.00	270	240129
48338	1227	1	1.00	329	230907
48376	1228	0	0.00	286	195933
48408	1229	0	0.00	309	187223
48443	1230	0	0.00	262	180356
48479	1231	0	0.00	222	170619
48512	1232	0	0.00	215	162362
48544	1233	0	0.00	416	152242
48582	1234	0	0.00	440	144502
48621	1235	0	0.00	397	135376
48655	1236	0	0.00	385	125739
48691	1237	0	0.00	349	118190
48725	1238	0	0.00	315	113734
48760	1239	0	0.00	380	108716
48798	1240	0	0.00	354	103962
48831	1241	0	0.00	374	97828
48863	1242	0	0.00	418	91680
48895	1243	0	0.00	396	84060
48928	1244	0	0.01	428	79471
48962	1245	0	0.01	408	77024
48996	1246	0	0.01	422	74050
49033	1247	0	0.01	445	69918
49068	1248	0	0.01	446	70226
49100	1249	0	0.01	408	70151
49140	1250	0	0.00	319	69465
49179	1251	0	0.01	383	73771
49214	1252	0	0.01	466	79811
49247	1253	0	0.01	491	84207
49282	1254	0	0.01	508	88230
49315	1255	0	0.00	436	92203
49349	1256	0	0.00	446	94046
49382	1257	0	0.01	521	96209
49416	1258	0	0.01	544	97629
49464	1259	0	0.01	667	100582
49500	1260	0	0.01	644	102375
49533	1261	0	0.01	604	103981
49566	1262	0	0.01	562	103654
49600	1263	0	0.01	554	105992
49632	1264	0	0.01	636	106928
49664	1265	0	0.01	632	110184
49698	1266	0	0.01	580	112546
49736	1267	0	0.01	687	116344
49771	1268	0	0.01	653	120076
49805	1269	0	0.01	719	120200
49842	1270	0	0.01	681	120567
49873	1271	0	0.01	806	121708
49905	1272	0	0.01	939	125351
49938	1273	0	0.01	1007	128252
49974	1274	0	0.01	928	132193
50006	1275	0	0.01	939	138212
50038	1276	0	0.01	892	144419
50073	1277	0	0.01	908	146945
50105	1278	0	0.01	918	151201
50137	1279	0	0.01	884	153669
50173	1280	0	0.01	878	158367
50210	1281	0	0.01	950	158230
50246	1282	0	0.01	1051	161599
50284	1283	0	0.01	1085	160611
50322	1284	0	0.01	1116	168605
50358	1285	0	0.01	1057	170555
50391	1286	0	0.01	1140	173428
50426	1287	0	0.01	1277	175153
50459	1288	0	0.01	1443	180290
50495	1289	0	0.01	1547	182893
50535	1290	0	0.01	1595	187683
50572	1291	0	0.01	1746	190352
50611	1292	0	0.01	1870	198462
50654	1293	0	0.01	2112	201273
50696	1294	0	0.01	2012	207036
50733	1295	1	0.99	2176	209629
50778	1296	1	0.99	2416	208454
50823	1297	1	0.99	2493	214880
50868	1298	1	0.99	2908	218404
50921	1299	1	0.99	3071	224990
50971	1300	1	0.99	2903	225180
51018	1301	1	0.99	3127	231752
51065	1302	1	0.99	3250	232497
51111	1303	1	0.98	4155	236563
51156	1304	1	0.98	4678	247201
51202	1305	1	0.98	4572	256890
51246	1306	1	0.98	4611	263256
51291	1307	1	0.98	5076	269597
51335	1308	1	0.98	5240	269528
51383	1309	1	0.98	5224	274726
51434	1310	1	0.98	5177	276984
51478	1311	1	0.98	5691	280632
51524	1312	1	0.98	5743	286836
51569	1313	1	0.98	6030	292047
51617	1314	1	0.98	6179	293679
51662	1315	1	0.98	6169	299069
51707	1316	1	0.98	6253	304278
51752	1317	1	0.98	5867	304732
51802	1318	1	0.98	5708	299003
51848	1319	1	0.98	5672	293408
51898	1320	1	0.98	5694	291740
51948	1321	1	0.98	5457	290079
52001	1322	1	0.98	5459	290502
52051	1323	1	0.98	5588	290351
52103	1324	1	0.98	5549	292367
52151	1325	1	0.98	5500	297496
52199	1326	1	0.98	5406	301720
52253	1327	1	0.98	5705	307311
52308	1328	1	0.98	5708	314587
52364	1329	1	0.98	5794	312481
52415	1330	1	0.98	5784	318212
52471	1331	1	0.98	5682	318478
52522	1332	1	0.98	5819	318927
52581	1333	1	0.98	5967	342327
52631	1334	1	0.98	5792	349489
52686	1335	1	0.98	5512	356138
52740	1336	1	0.99	5202	364090
52796	1337	1	0.99	5383	370341
52848	1338	1	0.99	5215	369713
52898	1339	1	0.99	5056	373064
52945	1340	1	0.99	4966	376757
52992	1341	1	0.99	5065	378547
53040	1342	1	0.99	5147	379487
53086	1343	1	0.99	5204	375526
53138	1344	1	0.99	5118	379179
53184	1345	1	0.99	5206	376270
53231	1346	1	0.99	5355	376720
53288	1347	1	0.99	5544	373061
53334	1348	1	0.99	5438	369121
53379	1349	1	0.99	5563	369880
53426	1350	1	0.98	5670	368165
53474	1351	1	0.98	5658	363765
53519	1352	1	0.99	5493	361542
53565	1353	1	0.98	5650	356138
53612	1354	1	0.98	5658	353963
53657	1355	1	0.98	5419	355607
53706	1356	1	0.98	5430	350928
53753	1357	1	0.98	5420	352111
53800	1358	1	0.98	5601	349786
53847	1359	1	0.98	5695	334550
53892	1360	1	0.98	5597	326209
53943	1361	1	0.98	5664	312023
53988	1362	1	0.98	5702	292479
54035	1363	1	0.98	5946	247422
54080	1364	1	0.98	5713	246203
54126	1365	1	0.98	5453	246334
54171	1366	1	0.98	5444	243400
54214	1367	1	0.98	5352	242047
54261	1368	1	0.98	5587	235647
54315	1369	1	0.98	5819	233251
54362	1370	1	0.97	6264	230787
54406	1371	1	0.97	6797	227943
54448	1372	1	0.97	6846	222011
54492	1373	1	0.97	6913	217191
54536	1374	1	0.97	6688	216215
54588	1375	1	0.97	6736	211181
54639	1376	0	0.03	6427	207207
54677	1377	0	0.03	6361	201974
54719	1378	0	0.03	6003	202259
54757	1379	0	0.03	6036	197672
54794	1380	0	0.03	6186	196394
54837	1381	0	0.04	7250	166648
54871	1382	0	0.04	7168	164855
54905	1383	0	0.04	6997	165431
54941	1384	0	0.04	6875	170218
54973	1385	0	0.04	6423	167744
55009	1386	0	0.04	6193	167363
55042	1387	0	0.03	5897	164067
55075	1388	0	0.03	5692	163239
55107	1389	0	0.03	5334	156447
55139	1390	0	0.03	5010	150911
55172	1391	0	0.03	4620	142905
55205	1392	0	0.03	4271	133521
55239	1393	0	0.04	4461	110921
55274	1394	0	0.04	4386	110822
55310	1395	0	0.04	4379	110453
55344	1396	0	0.04	4220	109205
55380	1397	0	0.04	4196	110265
55417	1398	0	0.04	4203	106517
55455	1399	0	0.04	4095	104187
55488	1400	0	0.04	4089	102346
55521	1401	0	0.03	3609	102102
55554	1402	0	0.03	3071	99208
55589	1403	0	0.03	2855	100121
55624	1404	0	0.03	2810	101137
55656	1405	0	0.02	2565	101099
55690	1406	0	0.02	2607	102656
55733	1407	0	0.02	2312	104593
55766	1408	0	0.02	1930	108752
55800	1409	0	0.02	1785	108900
55832	1410	0	0.01	1404	111386
55865	1411	0	0.01	1054	111875
55899	1412	0	0.01	1409	110992
55933	1413	0	0.01	1567	103689
55969	1414	0	0.02	1525	99336
56003	1415	0	0.02	1617	94145
56043	1416	0	0.02	1741	94849
56080	1417	0	0.02	1866	93519
56112	1418	0	0.02	2081	91417
56145	1419	0	0.03	2402	92686
56179	1420	0	0.03	2922	94196
56211	1421	0	0.03	3161	94911
56243	1422	0	0.03	3084	95040
56278	1423	0	0.04	4564	102222
56317	1424	0	0.04	4853	103480
56354	1425	0	0.04	4643	109052
56393	1426	0	0.04	4460	108867
56425	1427	0	0.04	4310	112236
56460	1428	0	0.04	4665	113658
56501	1429	0	0.04	4717	112820
56545	1430	0	0.04	4814	113077
56589	1431	0	0.04	5119	111432
56635	1432	0	0.04	5148	110590
56671	1433	0	0.05	5220	108805
56709	1434	0	0.05	5352	109042
56747	1435	0	0.05	5298	107854
56784	1436	0	0.05	5709	107921
56818	1437	0	0.05	5625	107845
56853	1438	0	0.05	5725	104063
56886	1439	0	0.06	5994	100105
56923	1440	0	0.06	6382	93962
56958	1441	0	0.07	6501	88157
56992	1442	0	0.08	6694	80811
57029	1443	0	0.08	7007	79268
57071	1444	0	0.08	6732	73896
57110	1445	0	0.08	6812	76512
57147	1446	0	0.09	7132	72111
57183	1447	0	0.10	7824	69648
57217	1448	0	0.11	8112	68912
57251	1449	0	0.11	8111	67638
57291	1450	0	0.11	8110	66080
57326	1451	0	0.11	8280	66850
57363	1452	0	0.12	8541	64656
57399	1453	0	0.12	8402	59636
57436	1454	0	0.12	8390	60863
57474	1455	0	0.13	9004	59593
57512	1456	0	0.13	9217	60525
57549	1457	0	0.13	9470	61712
57587	1458	0	0.13	9484	61307
57620	1459	0	0.14	10435	63592
57653	1460	0	0.13	10042	66751
57690	1461	0	0.14	10283	65034
57725	1462	0	0.14	10835	64220
57757	1463	0	0.14	11032	65705
57790	1464	0	0.15	11194	61475
57822	1465	0	0.15	11099	62357
57855	1466	0	0.15	11277	61713
57892	1467	0	0.15	11125	62818
57924	1468	0	0.16	11436	61356
57957	1469	0	0.15	11109	60873
57991	1470	0	0.14	11016	65189
58024	1471	0	0.15	10965	63549
58058	1472	0	0.15	11114	63759
58092	1473	0	0.15	11106	62329
58128	1474	0	0.15	11136	61028
58162	1475	0	0.16	11306	60324
58197	1476	0	0.17	11488	56230
58238	1477	0	0.17	11298	55655
58278	1478	0	0.17	11182	55380
58316	1479	0	0.17	11124	54779
58357	1480	0	0.18	11594	54428
58390	1481	0	0.18	11763	53166
58425	1482	0	0.19	12022	50836
58461	1483	0	0.20	12176	47602
58498	1484	0	0.21	12098	46031
58534	1485	0	0.21	12129	46145
58567	1486	0	0.22	12025	43052
58603	1487	0	0.22	11640	42232
58638	1488	0	0.22	11320	39003
58672	1489	0	0.24	11322	36382
58706	1490	0	0.25	11199	33542
58739	1491	0	0.25	11300	33229
58774	1492	0	0.25	10915	32630
58815	1493	0	0.26	11225	31450
58855	1494	0	0.27	10911	30050
58890	1495	0	0.28	11121	28381
58924	1496	0	0.28	10756	27964
58963	1497	0	0.29	11287	27045
59000	1498	0	0.30	11213	26562
59036	1499	0	0.30	11152	26125
59072	1500	0	0.30	10940	25524
59107	1501	0	0.30	10844	24885
59145	1502	0	0.30	10701	25424
59182	1503	0	0.31	10983	24609
59216	1504	0	0.31	10525	23574
59250	1505	0	0.30	10547	24372
59284	1506	0	0.30	10608	24468
59319	1507	0	0.30	10470	24426
59356	1508	0	0.31	10548	23434
59393	1509	0	0.31	10763	23676
59433	1510	0	0.33	10973	22694
59467	1511	0	0.31	10762	23592
59503	1512	0	0.31	10767	23619
59540	1513	0	0.34	11380	21650
59574	1514	0	0.33	10830	21820
59609	1515	0	0.32	10307	22300
59646	1516	0	0.30	9891	23264
59680	1517	0	0.31	10285	23267
59713	1518	0	0.30	9146	21527
59746	1519	0	0.30	8972	20625
59779	1520	0	0.29	8638	21481
59813	1521	0	0.30	8634	20433
59850	1522	0	0.30	8329	19649
59892	1523	0	0.31	8129	18452
59926	1524	0	0.30	7861	17946
59963	1525	0	0.30	7679	17956
59999	1526	0	0.28	7192	18117
60033	1527	0	0.29	6938	16639
60070	1528	0	0.28	6862	18050
60104	1529	0	0.27	6240	16573
60143	1530	0	0.26	6267	17592
60185	1531	0	0.28	6350	16587
60224	1532	0	0.28	7557	19877
60259	1533	0	0.29	7907	19751
60296	1534	0	0.27	7878	20834
60334	1535	0	0.27	7500	19932
60368	1536	0	0.28	7723	19776
60402	1537	0	0.26	7374	20525
60437	1538	0	0.27	7370	20351
60477	1539	0	0.25	7029	20593
60516	1540	0	0.25	6916	21024
60556	1541	0	0.27	7173	19090
60591	1542	0	0.26	6668	18931
60623	1543	0	0.31	7522	16863
60655	1544	0	0.30	7249	16562
60687	1545	0	0.29	6933	17217
60720	1546	0	0.27	6676	17738
60752	1547	0	0.25	6380	19528
60786	1548	0	0.25	6558	20181
60818	1549	0	0.26	7035	20389
60850	1550	0	0.28	7238	18783
60887	1551	0	0.29	7331	18344
60923	1552	0	0.30	7360	17174
60957	1553	0	0.29	7249	17984
60992	1554	0	0.30	7321	17045
61025	1555	0	0.31	6969	15702
61058	1556	0	0.30	6644	15702
61094	1557	0	0.31	6698	14631
61132	1558	0	0.30	6464	15039
61167	1559	0	0.31	6589	14867
61201	1560	0	0.33	6827	13993
61234	1561	0	0.32	6505	14126
61266	1562	0	0.30	6029	14253
61299	1563	0	0.29	6071	14597
61332	1564	0	0.32	6435	13597
61365	1565	0	0.33	6492	13219
61397	1566	0	0.34	6161	11811
61432	1567	0	0.32	5658	12286
61464	1568	0	0.32	5654	11839
61498	1569	0	0.33	5482	10919
61531	1570	0	0.33	5003	10180
61567	1571	0	0.35	5270	9707
61609	1572	0	0.36	5526	9674
61649	1573	0	0.43	5991	8054
61684	1574	0	0.41	5571	8076
61719	1575	0	0.43	6064	8203
61755	1576	0	0.45	6211	7590
61791	1577	0	0.44	6175	7778
61828	1578	0	0.47	6034	6933
61863	1579	0	0.46	5523	6612
61898	1580	0	0.46	5464	6403
61930	1581	0	0.44	5439	6960
61967	1582	0	0.50	5785	5826
62002	1583	0	0.50	5817	5733
62034	1584	0	0.50	5470	5558
62067	1585	0	0.50	5685	5665
62101	1586	0	0.57	6082	4585
62137	1587	0	0.53	6852	6010
62171	1588	0	0.56	6766	5292
62205	1589	0	0.57	6704	5149
62238	1590	0	0.57	7261	5401
62274	1591	0	0.59	7181	4906
62310	1592	0	0.60	7263	4846
62346	1593	0	0.55	7062	5745
62379	1594	0	0.57	7026	5377
62415	1595	0	0.58	6954	5136
62453	1596	0	0.60	7599	4963
62488	1597	0	0.57	7696	5694
62524	1598	0	0.58	8053	5824
62560	1599	0	0.57	8265	6327
62596	1600	0	0.59	8132	5667
62631	1601	0	0.59	8171	5595
62666	1602	0	0.60	8459	5628
62699	1603	0	0.62	8231	5094
62733	1604	0	0.60	7895	5290
62769	1605	0	0.59	7373	5196
62809	1606	0	0.57	7207	5466
62846	1607	0	0.56	7182	5660
62878	1608	0	0.53	6832	5974
62912	1609	0	0.53	6768	6025
62947	1610	0	0.51	6306	6132
62981	1611	0	0.50	5967	5989
63014	1612	0	0.52	6070	5613
63048	1613	0	0.51	5903	5583
63083	1614	0	0.50	6048	5952
63117	1615	0	0.50	5999	5897
63150	1616	0	0.53	6632	5965
63182	1617	0	0.53	6689	5940
63215	1618	0	0.52	6757	6175
63249	1619	0	0.51	6966	6739
63283	1620	0	0.54	6768	5769
63320	1621	0	0.55	6878	5634
63356	1622	0	0.55	7079	5785
63391	1623	0	0.54	7457	6310
63424	1624	0	0.54	7729	6456
63457	1625	0	0.52	7730	7107
63491	1626	0	0.52	7464	7018
63525	1627	0	0.52	7354	6778
63559	1628	0	0.54	7294	6306
63592	1629	0	0.52	7309	6819
63626	1630	0	0.52	7039	6440
63662	1631	0	0.50	6700	6665
63695	1632	0	0.51	6864	6666
63729	1633	0	0.54	7905	6638
63762	1634	0	0.52	7782	7043
63796	1635	0	0.48	7472	8097
63832	1636	0	0.51	7883	7659
63871	1637	0	0.53	8122	7114
63907	1638	0	0.51	8654	8193
63941	1639	0	0.51	8762	8392
63974	1640	0	0.54	8751	7568
64007	1641	0	0.52	8269	7488
64040	1642	0	0.50	8102	8042
64072	1643	0	0.51	8020	7695
64104	1644	0	0.49	7650	8071
64137	1645	0	0.50	7713	7693
64169	1646	0	0.49	7395	7632
64203	1647	0	0.54	8307	7121
64238	1648	0	0.51	8467	8265
64274	1649	0	0.51	8549	8177
64311	1650	0	0.49	8352	8700
64347	1651	0	0.48	8689	9580
64380	1652	0	0.49	8797	9229
64415	1653	0	0.50	8442	8401
64456	1654	0	0.49	8011	8204
64491	1655	0	0.51	8011	7808
64524	1656	0	0.48	7198	7857
64561	1657	0	0.49	7137	7354
64596	1658	0	0.44	6705	8501
64632	1659	0	0.46	6861	8214
64667	1660	0	0.46	6752	8043
64702	1661	0	0.45	6867	8294
64734	1662	0	0.43	6907	9232
64768	1663	0	0.47	7376	8442
64804	1664	0	0.45	7784	9627
64839	1665	0	0.44	7617	9591
64873	1666	0	0.43	7968	10642
64910	1667	0	0.43	7937	10593
64949	1668	0	0.42	7857	10982
64985	1669	0	0.40	7621	11243
65024	1670	0	0.40	7528	11374
65059	1671	0	0.38	7183	11627
65094	1672	0	0.39	7220	11394
65132	1673	0	0.39	7601	11717
65167	1674	0	0.38	7539	12064
65202	1675	0	0.39	7929	12452
65238	1676	0	0.40	8069	12253
65273	1677	0	0.42	8056	11281
65308	1678	0	0.39	7848	12021
65342	1679	0	0.38	7432	12272
65381	1680	0	0.36	7446	13276
65422	1681	0	0.37	7751	13246
65464	1682	0	0.35	7680	14297
65501	1683	0	0.34	7589	14558
65540	1684	0	0.34	7940	15153
65574	1685	0	0.42	8596	11689
65608	1686	0	0.42	9131	12676
65646	1687	0	0.44	9439	12180
65681	1688	0	0.41	8652	12660
65722	1689	0	0.40	8433	12674
65754	1690	0	0.40	8402	12796
65789	1691	0	0.39	8342	13058
65822	1692	0	0.38	8120	13495
65862	1693	0	0.46	8780	10364
65901	1694	0	0.42	8281	11286
65934	1695	0	0.40	7633	11265
65971	1696	0	0.39	7466	11705
66006	1697	0	0.38	7277	11858
66045	1698	0	0.37	7074	12172
66084	1699	0	0.39	7306	11642
66121	1700	0	0.39	7474	11561
66158	1701	0	0.40	7384	11300
66193	1702	0	0.38	7205	11638
66226	1703	0	0.37	7131	12060
66259	1704	0	0.40	7555	11398
66292	1705	0	0.40	8107	11940
66329	1706	0	0.39	8101	12620
66364	1707	0	0.41	9035	13270
66399	1708	0	0.42	9262	12762
66433	1709	0	0.43	8998	12025
66471	1710	0	0.42	8542	11957
66509	1711	0	0.40	8006	12238
66546	1712	0	0.43	8343	11107
66580	1713	0	0.44	8747	10939
66617	1714	0	0.48	8621	9312
66651	1715	0	0.50	8447	8501
66685	1716	0	0.50	8150	8156
66718	1717	0	0.51	8404	8164
66761	1718	0	0.54	8672	7373
66800	1719	0	0.55	9529	7672
66837	1720	0	0.55	9437	7685
66876	1721	0	0.57	9545	7196
66914	1722	0	0.54	9343	7806
66948	1723	0	0.59	9186	6373
66982	1724	0	0.60	9474	6444
67022	1725	0	0.57	8737	6515
67057	1726	0	0.54	8943	7526
67096	1727	0	0.56	9775	7692
67129	1728	0	0.57	10850	8197
67164	1729	0	0.61	11440	7264
67199	1730	0	0.63	11459	6785
67232	1731	0	0.64	11273	6451
67268	1732	0	0.64	11077	6198
67306	1733	0	0.61	10411	6631
67343	1734	0	0.63	10597	6343
67379	1735	0	0.64	10874	6233
67412	1736	0	0.64	11075	6356
67451	1737	0	0.66	11505	5920
67483	1738	0	0.66	11685	6092
67517	1739	0	0.68	11295	5362
67551	1740	0	0.66	10915	5528
67585	1741	0	0.65	10072	5480
67618	1742	0	0.62	9678	5901
67651	1743	0	0.60	9713	6444
67685	1744	0	0.62	10041	6120
67722	1745	0	0.60	10230	6822
67758	1746	0	0.60	10499	7047
67798	1747	0	0.59	10564	7244
67834	1748	0	0.60	10364	6991
67873	1749	0	0.57	9942	7409
67914	1750	0	0.63	10916	6449
67950	1751	0	0.63	10870	6466
67985	1752	0	0.63	10392	6081
68024	1753	0	0.67	10447	5180
68063	1754	0	0.66	10084	5112
68098	1755	0	0.62	9332	5690
68138	1756	0	0.58	9059	6694
68174	1757	0	0.58	9208	6771
68212	1758	0	0.61	9075	5822
68247	1759	0	0.62	9087	5622
68280	1760	0	0.62	8754	5366
68313	1761	0	0.62	9232	5608
68346	1762	0	0.63	8883	5146
68380	1763	0	0.60	9657	6344
68414	1764	0	0.60	9120	6018
68453	1765	0	0.61	9109	5920
68490	1766	0	0.63	9852	5666
68524	1767	0	0.64	9328	5268
68558	1768	0	0.64	9454	5267
68594	1769	0	0.68	9798	4551
68627	1770	0	0.68	9503	4516
68660	1771	0	0.66	9005	4623
68691	1772	0	0.65	8674	4738
68724	1773	0	0.65	8498	4517
68758	1774	0	0.68	8510	3993
68798	1775	0	0.66	8221	4200
68833	1776	0	0.65	8394	4596
68869	1777	0	0.64	7982	4567
68903	1778	0	0.63	7650	4430
68942	1779	0	0.63	7772	4609
68976	1780	0	0.63	7765	4510
69019	1781	0	0.64	7963	4395
69057	1782	0	0.65	7815	4283
69091	1783	0	0.67	8984	4403
69125	1784	0	0.65	8465	4495
69160	1785	0	0.65	8470	4482
69192	1786	0	0.63	8178	4707
69226	1787	0	0.64	8328	4747
69261	1788	0	0.62	8158	4968
69296	1789	0	0.65	8234	4394
69329	1790	0	0.66	8267	4229
69364	1791	0	0.65	8204	4384
69398	1792	0	0.68	8436	3948
69439	1793	0	0.67	8248	4070
69479	1794	0	0.67	8133	4092
69520	1795	0	0.70	8227	3577
69551	1796	0	0.68	7903	3787
69592	1797	0	0.68	7804	3746
69627	1798	0	0.66	7642	3897
69660	1799	0	0.64	7632	4229
69694	1800	0	0.64	7873	4383
69728	1801	0	0.69	8291	3806
69761	1802	0	0.67	8098	4020
69800	1803	0	0.67	8504	4248
69838	1804	0	0.68	8971	4305
69877	1805	0	0.69	9315	4108
69917	1806	0	0.67	9707	4854
69958	1807	0	0.68	9633	4603
69997	1808	0	0.70	9820	4255
70034	1809	0	0.70	9687	4205
70073	1810	0	0.68	9596	4509
70109	1811	0	0.66	9403	4846
70149	1812	0	0.65	9512	5027
70186	1813	0	0.72	10210	3965
70228	1814	0	0.69	10079	4450
70271	1815	0	0.68	9858	4616
70308	1816	0	0.70	10359	4456
70346	1817	0	0.71	10450	4202
70382	1818	0	0.69	10758	4818
70418	1819	0	0.71	10760	4332
70455	1820	0	0.70	10561	4475
70492	1821	0	0.73	10522	3946
70529	1822	0	0.70	10064	4410
70571	1823	0	0.70	9541	4080
70610	1824	0	0.67	8895	4429
70648	1825	0	0.64	8395	4633
70681	1826	0	0.65	8010	4403
70716	1827	0	0.61	7793	4911
70758	1828	0	0.63	8179	4838
70790	1829	0	0.61	7873	5140
70824	1830	0	0.64	8329	4638
70858	1831	0	0.64	8551	4864
70898	1832	0	0.65	8744	4664
70934	1833	0	0.64	8801	4889
70969	1834	0	0.63	8677	5177
71002	1835	0	0.65	8669	4687
71039	1836	0	0.72	8511	3379
71074	1837	0	0.74	8944	3102
71109	1838	0	0.73	8889	3291
71145	1839	0	0.70	8294	3487
71181	1840	0	0.68	7676	3587
71219	1841	0	0.66	7430	3873
71260	1842	0	0.61	7288	4577
71293	1843	0	0.64	7495	4190
71328	1844	0	0.59	7078	4998
71365	1845	0	0.58	7369	5364
71401	1846	0	0.59	7512	5241
71436	1847	0	0.59	7787	5468
71473	1848	0	0.58	8109	5978
71509	1849	0	0.58	8289	6030
71548	1850	0	0.56	8644	6670
71589	1851	0	0.57	8679	6676
71629	1852	0	0.56	8408	6513
71671	1853	0	0.54	8056	6858
71710	1854	0	0.53	8043	7254
71753	1855	0	0.56	7968	6186
71790	1856	0	0.54	7587	6485
71830	1857	0	0.53	7244	6413
71866	1858	0	0.50	6624	6655
71904	1859	0	0.46	6322	7451
71945	1860	0	0.49	6297	6583
71987	1861	0	0.47	6505	7202
72027	1862	0	0.49	6784	7196
72065	1863	0	0.46	6837	7897
72101	1864	0	0.51	7504	7318
72135	1865	0	0.51	8007	7629
72172	1866	0	0.52	8526	7921
72208	1867	0	0.51	8925	8480
72240	1868	0	0.52	9278	8598
72284	1869	0	0.54	9129	7735
72329	1870	0	0.54	9024	7567
72367	1871	0	0.50	8534	8450
72411	1872	0	0.52	8029	7381
72450	1873	0	0.54	8218	7045
72488	1874	0	0.52	8129	7507
72530	1875	0	0.50	8002	8069
72565	1876	0	0.49	7543	7971
72598	1877	0	0.47	7305	8172
72637	1878	0	0.47	7243	8066
72671	1879	0	0.47	7300	8393
72705	1880	0	0.50	7582	7733
72736	1881	0	0.48	7179	7878
72770	1882	0	0.49	7607	7764
72802	1883	0	0.50	7761	7687
72834	1884	0	0.53	7686	6871
72867	1885	0	0.55	8074	6669
72899	1886	0	0.53	8403	7443
72932	1887	0	0.51	8635	8210
72966	1888	0	0.52	8540	7851
73007	1889	0	0.52	8811	8285
73044	1890	0	0.53	9056	8124
73079	1891	0	0.54	8965	7780
73113	1892	0	0.56	9450	7473
73146	1893	0	0.55	9592	7757
73179	1894	0	0.54	9408	8082
73213	1895	0	0.52	8969	8263
73243	1896	0	0.50	8667	8564
73279	1897	0	0.49	8505	8930
73314	1898	0	0.48	7915	8632
73353	1899	0	0.46	7535	8797
73389	1900	0	0.46	7082	8337
73422	1901	0	0.45	6866	8549
73455	1902	0	0.43	6292	8476
73491	1903	0	0.47	7019	7775
73528	1904	0	0.42	6759	9198
73566	1905	0	0.43	6680	8699
73601	1906	0	0.42	6786	9368
73633	1907	0	0.41	6656	9774
73670	1908	0	0.39	6641	10291
73704	1909	0	0.39	6654	10227
73737	1910	0	0.42	6958	9798
73770	1911	0	0.41	6679	9715
73803	1912	0	0.41	6412	9374
73835	1913	0	0.41	6640	9549
73867	1914	0	0.43	7084	9338
73901	1915	0	0.41	6868	9741
73934	1916	0	0.41	7015	10011
73967	1917	0	0.43	7580	10021
74000	1918	0	0.46	8017	9238
74035	1919	0	0.44	8032	10157
74068	1920	0	0.45	8127	9903
74107	1921	0	0.42	7922	10741
74141	1922	0	0.43	8059	10850
74175	1923	0	0.43	7648	10156
74212	1924	0	0.44	8048	10228
74244	1925	0	0.45	7903	9711
74283	1926	0	0.45	8179	9893
74316	1927	0	0.48	8176	8749
74348	1928	0	0.50	8291	8267
74390	1929	0	0.50	8264	8292
74425	1930	0	0.50	8381	8486
74458	1931	0	0.52	8556	7899
74491	1932	0	0.53	8787	7709
74523	1933	0	0.52	8562	7827
74555	1934	0	0.58	10025	7225
74588	1935	0	0.56	9683	7763
74620	1936	0	0.52	9196	8526
74656	1937	0	0.50	8506	8628
74699	1938	0	0.50	8114	8236
74737	1939	0	0.52	8215	7440
74771	1940	0	0.53	8030	7004
74803	1941	0	0.54	8146	6803
74836	1942	0	0.55	8123	6621
74869	1943	0	0.56	8484	6795
74902	1944	0	0.58	8358	5941
74934	1945	0	0.61	8453	5499
74967	1946	0	0.60	8441	5646
74999	1947	0	0.63	8477	5038
75031	1948	0	0.64	9108	5177
75067	1949	0	0.66	9532	4935
75110	1950	0	0.68	9175	4321
75147	1951	0	0.67	9218	4546
75188	1952	0	0.68	9757	4527
75222	1953	0	0.69	9914	4379
75259	1954	0	0.70	9878	4257
75292	1955	0	0.70	9843	4236
75326	1956	0	0.69	9581	4221
75364	1957	0	0.71	9661	4036
75405	1958	0	0.73	10058	3756
75444	1959	0	0.74	10219	3613
75481	1960	0	0.74	10211	3547
75516	1961	0	0.74	9886	3513
75550	1962	0	0.74	10232	3606
75583	1963	0	0.75	9888	3345
75617	1964	0	0.73	10464	3870
75650	1965	0	0.73	11052	4098
75685	1966	0	0.73	10806	3949
75719	1967	0	0.69	10271	4635
75761	1968	0	0.67	10072	5063
75801	1969	0	0.67	9932	4900
75841	1970	0	0.67	10027	4953
75875	1971	0	0.68	9758	4589
75910	1972	0	0.67	9516	4762
75945	1973	0	0.63	9729	5624
75979	1974	0	0.63	9635	5613
76016	1975	0	0.64	9843	5605
76051	1976	0	0.62	9898	5992
76085	1977	0	0.61	9625	6275
76125	1978	0	0.58	9766	7074
76157	1979	0	0.58	9617	6914
76189	1980	0	0.58	9520	6972
76223	1981	0	0.57	9690	7328
76256	1982	0	0.59	9656	6667
76287	1983	0	0.57	9018	6942
76322	1984	0	0.56	8973	6961
76357	1985	0	0.58	9183	6613
76394	1986	0	0.60	9515	6311
76431	1987	0	0.58	9131	6581
76467	1988	0	0.58	9514	6778
76500	1989	0	0.61	12966	8184
76536	1990	0	0.63	14065	8398
76571	1991	0	0.61	13558	8691
76607	1992	0	0.59	12209	8612
76640	1993	0	0.61	11907	7665
76673	1994	0	0.64	12164	6723
76706	1995	0	0.59	11087	7807
76739	1996	0	0.58	10569	7585
76774	1997	0	0.57	10650	7921
76814	1998	0	0.57	10285	7649
76851	1999	0	0.60	11178	7480
76886	2000	0	0.60	10763	7137
76919	2001	0	0.60	11773	7900
76953	2002	0	0.58	11679	8320
76987	2003	0	0.55	11692	9481
77020	2004	0	0.57	12009	9086
77054	2005	0	0.57	11475	8629
77091	2006	0	0.54	11087	9324
77129	2007	0	0.55	10918	8885
77167	2008	0	0.57	11116	8470
77201	2009	0	0.58	11243	8132
77235	2010	0	0.58	11690	8337
77269	2011	0	0.59	12101	8383
77303	2012	0	0.58	11898	8655
77338	2013	0	0.58	12350	8871
77372	2014	0	0.58	12811	9251
77406	2015	0	0.58	12961	9553
77440	2016	0	0.58	13273	9663
77475	2017	0	0.57	13165	10100
77511	2018	0	0.56	13522	10841
77546	2019	0	0.57	14216	10697
77579	2020	0	0.58	14410	10633
77611	2021	0	0.59	15331	10707
77648	2022	0	0.60	15453	10412
77680	2023	0	0.59	15769	11070
77713	2024	0	0.59	16014	11310
77746	2025	0	0.55	16718	13790
77779	2026	0	0.56	16488	12940
77813	2027	0	0.56	16656	13218
77854	2028	0	0.55	15771	12959
77889	2029	0	0.54	15836	13332
77922	2030	0	0.54	15766	13223
77957	2031	0	0.54	15679	13298
77992	2032	0	0.54	16193	13997
78028	2033	0	0.55	16209	13057
78060	2034	0	0.55	15912	13036
78092	2035	0	0.55	16207	13355
78125	2036	0	0.53	15379	13689
78160	2037	0	0.54	15571	13242
78194	2038	0	0.53	14861	13440
78227	2039	0	0.52	15061	14105
78261	2040	0	0.50	15325	15113
78296	2041	0	0.49	15369	16161
78332	2042	0	0.51	15746	15007
78366	2043	0	0.51	16428	15738
78399	2044	0	0.52	16518	15500
78433	2045	0	0.51	16624	16020
78467	2046	0	0.50	16384	16381
78506	2047	0	0.49	16267	17074
78549	2048	0	0.49	16505	16859
78590	2049	0	0.50	16836	17028
78626	2050	0	0.49	16279	16910
78663	2051	0	0.49	16138	17026
78703	2052	0	0.49	15596	16249
78741	2053	0	0.48	14769	15929
78778	2054	0	0.51	15955	15328
78811	2055	0	0.50	15521	15341
78850	2056	0	0.50	14812	14901
78885	2057	0	0.46	13370	15869
78920	2058	0	0.45	13392	16465
78957	2059	0	0.43	13312	17305
78994	2060	0	0.43	12674	16907
79030	2061	0	0.42	12895	17905
79063	2062	0	0.43	13081	17476
79099	2063	0	0.45	13504	16393
79133	2064	0	0.45	13740	16894
79168	2065	0	0.46	13611	16059
79212	2066	0	0.43	13260	17674
79247	2067	0	0.41	12929	18386
79285	2068	0	0.41	13289	18991
79327	2069	0	0.40	12986	19131
79365	2070	0	0.40	12904	19155
79402	2071	0	0.38	12451	20553
79436	2072	0	0.37	12353	21114
79470	2073	0	0.38	12793	21306
79503	2074	0	0.36	12954	22798
79547	2075	0	0.36	12792	23118
79582	2076	0	0.35	12334	23136
79616	2077	0	0.35	12221	22729
79655	2078	0	0.34	12260	23790
79692	2079	0	0.35	12742	23712
79729	2080	0	0.35	12866	24195
79773	2081	0	0.33	12621	25841
79809	2082	0	0.31	12168	27386
79846	2083	0	0.30	11650	27749
79885	2084	0	0.33	12731	26013
79922	2085	0	0.31	11976	26576
79959	2086	0	0.29	11229	27892
79993	2087	0	0.30	11398	26470
80027	2088	0	0.29	11007	27260
80063	2089	0	0.28	11278	28548
80099	2090	0	0.29	11362	28067
80135	2091	0	0.27	10667	28669
80169	2092	0	0.27	10860	28961
80209	2093	0	0.27	10670	29098
80249	2094	0	0.26	10611	29715
80282	2095	0	0.25	9908	29934
80313	2096	0	0.25	9762	28974
80347	2097	0	0.26	10089	29146
80379	2098	0	0.27	10468	28484
80413	2099	0	0.26	9851	27763
80446	2100	0	0.25	9625	28917
80480	2101	0	0.24	8984	28872
80514	2102	0	0.23	8496	27698
80551	2103	0	0.23	8101	26654
80588	2104	0	0.23	8395	27626
80620	2105	0	0.24	8288	26766
80655	2106	0	0.22	8175	28745
80694	2107	0	0.22	8100	28388
80734	2108	0	0.22	7791	27329
80769	2109	0	0.24	8127	26411
80806	2110	0	0.23	8079	26480
80840	2111	0	0.23	7871	26489
80873	2112	0	0.22	7350	26678
80908	2113	0	0.22	7301	26322
80948	2114	0	0.26	7937	22423
80987	2115	0	0.26	7598	22192
81022	2116	0	0.23	6727	22316
81055	2117	0	0.23	6731	22102
81087	2118	0	0.23	6621	21855
81120	2119	0	0.22	5975	21501
81154	2120	0	0.25	6797	20753
81186	2121	0	0.25	6940	20823
81220	2122	0	0.27	7308	19982
81259	2123	0	0.30	7889	18362
81294	2124	0	0.31	8026	17886
81327	2125	0	0.36	8407	15199
81363	2126	0	0.35	8721	15872
81396	2127	0	0.38	9269	15170
81431	2128	0	0.38	9855	15849
81473	2129	0	0.39	10011	15347
81508	2130	0	0.45	12099	14811
81547	2131	0	0.47	13422	15115
81584	2132	0	0.50	13435	13621
81622	2133	0	0.51	14020	13428
81657	2134	0	0.51	14338	13551
81691	2135	0	0.55	14756	11963
81725	2136	0	0.58	15189	11163
81757	2137	0	0.60	16662	11180
81794	2138	0	0.62	17490	10677
81837	2139	0	0.63	18007	10492
81876	2140	0	0.65	17888	9759
81912	2141	0	0.68	19564	9340
81948	2142	0	0.71	20175	8413
81981	2143	0	0.69	20307	9120
82014	2144	0	0.68	20116	9281
82050	2145	0	0.66	19310	9901
82086	2146	0	0.66	19630	10070
82121	2147	0	0.65	18930	10152
82154	2148	0	0.66	19231	10027
82190	2149	0	0.67	19743	9809
82227	2150	0	0.68	19769	9320
82265	2151	0	0.67	19396	9620
82308	2152	0	0.66	19606	10022
82342	2153	0	0.66	19544	10187
82379	2154	0	0.66	20232	10236
82413	2155	0	0.66	19979	10506
82450	2156	0	0.63	19902	11532
82485	2157	0	0.64	20160	11428
82521	2158	0	0.63	19791	11610
82556	2159	0	0.62	20296	12300
82589	2160	0	0.61	20111	12685
82630	2161	0	0.62	20027	12200
82665	2162	0	0.60	19727	12903
82698	2163	0	0.60	20483	13889
82737	2164	0	0.59	20508	13982
82776	2165	0	0.61	20966	13449
82815	2166	0	0.62	21245	13258
82855	2167	0	0.61	20915	13125
82890	2168	0	0.61	21393	13764
82924	2169	0	0.63	21809	12758
82958	2170	0	0.62	21890	13277
82992	2171	0	0.63	22788	13271
83026	2172	0	0.63	23348	13802
83060	2173	0	0.64	23263	13330
83095	2174	0	0.63	24149	14349
83130	2175	0	0.59	23229	16275
83163	2176	0	0.60	22742	15422
83206	2177	0	0.59	22691	15724
83240	2178	0	0.59	22404	15821
83276	2179	0	0.58	22806	16231
83315	2180	0	0.58	22602	16100
83354	2181	0	0.60	22328	15089
83389	2182	0	0.60	22116	14505
83425	2183	0	0.59	21482	14921
83462	2184	0	0.59	21448	14949
83496	2185	0	0.59	20344	14353
83529	2186	0	0.58	18450	13629
83564	2187	0	0.58	17864	12787
83597	2188	0	0.59	17551	12065
83635	2189	0	0.59	16902	11963
83670	2190	0	0.57	15994	11959
83703	2191	0	0.55	14451	11876
83737	2192	0	0.53	12970	11366
83771	2193	0	0.54	12609	10684
83806	2194	0	0.53	11995	10477
83839	2195	0	0.53	12000	10670
83872	2196	0	0.55	12192	9796
83906	2197	0	0.54	11620	9998
83939	2198	0	0.53	11066	9888
83973	2199	0	0.51	10765	10324
84008	2200	0	0.51	10794	10227
84045	2201	0	0.52	10471	9861
84077	2202	0	0.50	10275	10087
84111	2203	0	0.50	10171	10052
84145	2204	0	0.49	9093	9460
84180	2205	0	0.48	8621	9368
84214	2206	0	0.49	8550	8803
84247	2207	0	0.46	8172	9556
84285	2208	0	0.48	8316	9159
84322	2209	0	0.50	8582	8547
84359	2210	0	0.50	8074	7957
84396	2211	0	0.54	7735	6587
84429	2212	0	0.58	7756	5584
84461	2213	0	0.57	7744	5824
84498	2214	0	0.60	7798	5143
84536	2215	0	0.61	7967	5002
84569	2216	0	0.63	7778	4559
84602	2217	0	0.65	7578	4105
84636	2218	0	0.66	7542	3830
84671	2219	0	0.65	7379	3936
84710	2220	0	0.68	7351	3518
84746	2221	0	0.71	7189	2874
84780	2222	0	0.71	6860	2804
84813	2223	0	0.72	6665	2551
84846	2224	0	0.75	6685	2189
84885	2225	0	0.76	6302	1973
84921	2226	0	0.79	6226	1629
84956	2227	0	0.78	6112	1704
84990	2228	0	0.81	6222	1481
85022	2229	0	0.79	5912	1606
85064	2230	0	0.79	5044	1367
85103	2231	0	0.78	4601	1286
85138	2232	0	0.78	4171	1196
85170	2233	0	0.78	4155	1163
85202	2234	0	0.69	3985	1819
85234	2235	0	0.65	3694	1970
85267	2236	0	0.65	3810	2044
85302	2237	0	0.60	3251	2136
85339	2238	0	0.59	3437	2410
85373	2239	0	0.58	3706	2648
85411	2240	0	0.59	3971	2743
85452	2241	0	0.66	4955	2576
85493	2242	0	0.66	5618	2836
85527	2243	0	0.69	6899	3065
85559	2244	0	0.75	8412	2875
85594	2245	0	0.76	9521	2964
85630	2246	0	0.80	11186	2838
85663	2247	0	0.83	12196	2547
85700	2248	0	0.83	13855	2757
85737	2249	0	0.86	16192	2685
85774	2250	0	0.88	18821	2535
85809	2251	0	0.89	22195	2851
85846	2252	0	0.89	23568	3039
85882	2253	0	0.89	25679	3053
85917	2254	0	0.89	27276	3222
85952	2255	0	0.90	29538	3190
85985	2256	0	0.92	31601	2925
86023	2257	0	0.92	32779	2973
86060	2258	0	0.92	33907	2886
86098	2259	0	0.92	33937	2934
86140	2260	0	0.93	35474	2737
86173	2261	0	0.94	37320	2323
86205	2262	0	0.94	38041	2384
